8 100
0.2482790043331915 0.27792414743311755 0.24268712760756506 0.6779553548321992 0.33186176592866734 0.9823419939662715 0.5308075460543661 0.5972812963132188
0.7090439936329621 0.13950319069307426 0.3751826615933971 0.9229137228877521 0.8282334732379486 0.7664444596783638 0.3205019140692845 0.27460357583717987
0.38046985682602985 0.9517391643722589 0.12831718675194337 0.4189942379939937 0.029035396125478452 0.9944986009923852 0.5575353405196444 0.07440227749911676
0.3617700915826627 0.197688796496299 0.2457766379685965 0.8277437390273228 0.4320874098077223 0.874526982169023 0.8944149010551439 0.20210332168682088
0.8780053978096345 0.6333019007975468 0.40854452712604394 0.17361142033193522 0.8980840001924352 0.23302428304286493 0.45195883558141225 0.1913711012720697
0.906713834408479 0.8996944856286816 0.2317011317181138 0.7690876480825591 0.8267962938514335 0.158096288491954 0.08366525005723358 0.21395040778205043
0.9701272983024882 0.19790680722455656 0.5542001640255576 0.5022124023674375 0.5149247202531309 0.8938755512344849 0.809983103120028 0.16623712043517713
0.4312153199929357 0.46643395043239 0.5813875386014218 0.6398761553777024 0.4598599735640372 0.877546706146683 0.31723018917372925 0.13230607021345853
0.3124030626271287 0.4756838856069934 0.9477085255777353 0.17045927582076525 0.03259593818698203 0.605100529240506 0.6076960539891784 0.8778405282473053
0.3938817813309775 0.3352969104238128 0.7397130645576802 0.6518768814422283 0.7997856079104726 0.8898106633369444 0.8193909006875544 0.334262414960553
0.12157430160840621 0.30932669272069535 0.4303517833728997 0.928294273158324 0.8507827204674975 0.4666504829371093 0.6411388142916278 0.26195440986953245
0.02417135912046764 0.7004707708170533 0.0749768330203413 0.3301146755823602 0.9032381539183834 0.4485931853304096 0.42881357673987064 0.8030194721456504
0.5696758726583573 0.9460870680200705 0.5312411220525665 0.872624926122815 0.7130534238110654 0.6369996816016903 0.5930307307127928 0.09664323961756716
0.025010970940923305 0.41112261894720803 0.5560193666657449 0.6202122273066755 0.6072533791798508 0.45376461653059696 0.3576688273156615 0.030685621321266843
0.2838138643287319 0.6842205575298415 0.169541333112311 0.4755630012528633 0.29000903508041154 0.8091975099181613 0.022690608715785654 0.18139166821090225
0.9516332799017861 0.5838697434165093 0.8804177867112087 0.0715603182491491 0.784915073619259 0.31854749574379093 0.18717967203589558 0.8754420237678007
0.7119524442196603 0.8541224364259544 0.6441718569142264 0.8382648817369992 0.7831158457062003 0.1924184508909531 0.09382501340787419 0.1397613725097524
0.4303139646421078 0.9026925545588611 0.45813575022321384 0.858790595004819 0.06552275788042639 0.20427714998255841 0.31712343148566513 0.9171913469683654
0.3954631794892475 0.3475917825457985 0.7947058907958355 0.04522764052141959 0.02099259042492274 0.7458311328259392 0.28240919405102793 0.5881389364195654
0.49398148023729926 0.778155918674898 0.029014946797732755 0.7184348536144797 0.9143570684135062 0.36664772767258724 0.3378081516091024 0.7809132053309967
0.35937002971846876 0.4408578562321612 0.5501413811159872 0.40003117734559934 0.2565669485291414 0.7811172592813428 0.7528285315561941 0.36719610994169327
0.14962135915182329 0.5647170137319608 0.4690590136213245 0.11961876316072317 0.41336881966123495 0.1895177376154703 0.5899230999937085 0.2736789196454327
0.39118949051160967 0.7905549913054409 0.39692181282725714 0.1977016316965341 0.8518542582529386 0.7613246355679751 0.21262675025067546 0.424060828290899
0.5996825607025253 0.13649980762278635 0.0828369910272102 0.21689708630364324 0.5758611467504714 0.9322119666969981 0.8102089699989219 0.12909993651827745
0.29901656505629204 0.5142067981236367 0.47097124603461127 0.5714480251618415 0.16817989302159664 0.3085642671305857 0.026131313461220773 0.6036628155874837
0.7598468398961709 0.5419948792520844 0.7718306425270838 0.6846420262781036 0.08697957073502327 0.8487015771343909 0.20902673178461872 0.5693893892421292
0.5006567713350577 0.33376331632937684 0.6325371488490225 0.2818410407420703 0.19012239876618453 0.9432934443725816 0.8856817717233049 0.6340714186112836
0.36933316493054813 0.7628380482880845 0.6139315098445332 0.641370372685154 0.8959782455954045 0.3019626446907139 0.4626103408679565 0.9587083783754032
0.6774037842876487 0.3622752111680798 0.9438759146155877 0.4353087176887883 0.1531457781225174 0.09583611680687498 0.15233708355238407 0.6073811160798401
0.23709087074842938 0.921495725940268 0.7777411309780111 0.5820559876871286 0.21437629878738473 0.0677473676482182 0.8104609220835138 0.12782475560207185
0.9163366560314438 0.7700985102537419 0.9410266017842557 0.07557619884886468 0.9435379097711037 0.3476404156828369 0.7272533812449524 0.4188882048086543
0.7162528430695011 0.48601868567185635 0.09004115667220924 0.9465979611609677 0.08454244660721832 0.026759417446975853 0.8241969100634122 0.6486455863433388
0.16430603980321878 0.19193726277829248 0.5238625057500608 0.7842810486509028 0.2853508406373645 0.8839071409837932 0.18751267541871497 0.15333336881148285
0.674411690139962 0.509555444416002 0.5101752992360807 0.12477768176841741 0.48101953694643995 0.3955518820007845 0.7497847865324141 0.2797505570744112
0.2459761146338173 0.00551472035266154 0.03286418744094466 0.7497300575566295 0.8136082129844104 0.9331291902744695 0.23067297679850496 0.24784834105131914
0.0011301888175804242 0.41575717104595966 0.8780581003077398 0.09725097958304141 0.5099664864338425 0.17296328489392143 0.041930627133032305 0.9009289598633315
0.7056709668597876 0.5093417382831419 0.7614033673380929 0.04400511972495891 0.6048933695150746 0.928848024526131 0.6877966613943743 0.19707440938997944
0.3822063477607601 0.2697398213207035 0.9078639364020806 0.46538976894998985 0.9140182730971755 0.5508294208956904 0.19691171793368079 0.027556745959413265
0.8600558948605895 0.17734531751310179 0.5626217577076561 0.037367365382704465 0.07292975144963665 0.19986190072960475 0.5855288729930831 0.3793743449719357
0.5362310490203671 0.21019846081875138 0.0063365507905713825 0.4510610376067127 0.49852829965749956 0.2562602957310234 0.3132971506252479 0.4824529259624758
0.13418896411541903 0.6790496205926767 0.5907623322120636 0.5517907336862116 0.19082028781438543 0.9038672682845093 0.8434440466162919 0.43633920728270337
0.0721501543020785 0.7749221109040204 0.2071482329087032 0.949374541488856 0.6660586931085732 0.8557354991326177 0.43993998501288456 0.20356071944086962
0.9793772959612211 0.1083651310138749 0.7319092487557601 0.14205023180333975 0.6713812472864571 0.6323101427529642 0.20338121052046887 0.9585636476519095
0.31649676195903387 0.5175385185435152 0.6022049195593748 0.7475863340328361 0.24801068077955202 0.7769334405511359 0.894803414908232 0.1356381499738435
0.8828094195866524 0.3636731865416515 0.46382920783200754 0.7434842313943351 0.045812198918957936 0.9328311161376482 0.24878064908796316 0.17162353104811423
0.9693583215942018 0.12983011271736378 0.579695439444269 0.6419494689921188 0.9277285307823294 0.8633711931956036 0.5630464535207614 0.7977780466471593
0.9221275140178823 0.6525964735714883 0.7346745789040224 0.6790236815445564 0.7244267668749121 0.5769185694293323 0.6432963090525844 0.26880751188003527
0.8445740617792897 0.8168757121079955 0.16956054981888813 0.12575632520479296 0.2672247252437955 0.811254147384178 0.08148197952960468 0.3491098949885578
0.8172549532541596 0.5741233804744287 0.718502858621968 0.26809146586090615 0.30784963970432455 0.6648852252920633 0.025958791071721943 0.7582056123541641
0.38992220560548185 0.7054082294265216 0.08689869203765355 0.7185741918814609 0.37843485796605736 0.4985078328969287 0.8666312040614623 0.4576048052134041
0.9677961401101839 0.844702994248705 0.9647702428396585 0.2344676028545929 0.9148813535255518 0.22928577194503807 0.8476238159564154 0.37611147304402703
0.14570606757246352 0.16281027154227423 0.844079280473791 0.2329950003813156 0.5666448380167632 0.011073375126116058 0.10085114212507384 0.9393034939117973
0.3583174510927679 0.14915398491482668 0.4179106126044899 0.035947167363905685 0.5032404449702536 0.378739358496897 0.6832470779249439 0.024747536294845274
0.07659989572761894 0.503560253546955 0.3853935116583397 0.3825227435147214 0.994349910329937 0.1495226555331286 0.3407490989406342 0.6648598140696648
0.6372185032682439 0.5527516449277475 0.7719075182713062 0.2556138995346666 0.8031183278107912 0.38822139028060754 0.04076767720528729 0.21403591964619073
0.17654996447845617 0.9432673795037971 0.3175044969484083 0.23622746330817512 0.42874300016768585 0.5422564600608403 0.2609289527370122 0.48458746090612503
0.5363982457546174 0.6513713536276364 0.5366265897626631 0.7778867952572478 0.38962202377177757 0.4678235669790731 0.5159895826219294 0.04511160372518341
0.6854758964099575 0.7067742427512879 0.21675027802563085 0.518879166372906 0.36066690925086986 0.3868216616650094 0.6871940930923581 0.8468480741883989
0.42129796923091334 0.4002323519920926 0.8871376300211885 0.6972004693974355 0.6107254074028272 0.846056857779639 0.7783179825348548 0.707072658329938
0.19912398301882306 0.4003108413300681 0.4866117516922308 0.6408496178843606 0.7288675116495824 0.6106073524874807 0.323048509891668 0.9064354012344644
0.9669367637832256 0.9343149994554423 0.23450433610629529 0.04745970534365618 0.204560205298832 0.4052478735994135 0.5108840662471326 0.6731805579452149
0.7416206747031852 0.41382760248143835 0.13593503072255209 0.7703237647282123 0.7466916833661978 0.24540084473006007 0.6537851632353221 0.11727646213966747
0.04623776768987453 0.6755355566567034 0.04083762051267814 0.9094909696839097 0.6409397320385233 0.07851198501981804 0.830472970131503 0.8612425328223987
0.7595360258366683 0.467963886123834 0.09850552348204933 0.12665608517840488 0.4757069003965704 0.026936033793185765 0.888624225206808 0.5320455719277976
0.5871195507908393 0.21644645993115075 0.10348210099902988 0.062206204483819305 0.46257095751889243 0.8799069386132569 0.5239321718848526 0.5989098694942093
0.6881410284054028 0.26628840492142447 0.11532411913646101 0.6647155545100164 0.09487655670956019 0.3860622211715864 0.14558974860032137 0.16125942981310537
0.06130766053813863 0.09261764419193208 0.5886149954617909 0.1962001106385277 0.9346956823031908 0.460142322648986 0.45699500471575427 0.13708187775538383
0.191506481614515 0.2703115251195114 0.0018112768280985625 0.5858723654483519 0.3747695254946838 0.035023195908276294 0.5042052959354872 0.45494369672690027
0.02694870687299511 0.14634515225013123 0.5950959192919161 0.6523957922255318 0.21829551503255973 0.5093645353043773 0.6927580089054165 0.07597875895638617
0.7475827586984775 0.898236244116461 0.1689910298468309 0.08139331609658684 0.3338313040201064 0.17411156641024916 0.3713642325892653 0.11867571455896786
0.424863072410827 0.5696560210047711 0.9094039171058577 0.8151314244084574 0.5283780191303934 0.9699974044342101 0.4206628443160684 0.999760347526075
0.02906288157871484 0.14386860871272455 0.9114898735382049 0.16592368381449452 0.6778254794812639 0.7281344346356572 0.7456398395561284 0.9240166305481416
0.01813857522160056 0.028401464342229232 0.46516397129633613 0.1982709795705354 0.31076504325539245 0.1324250629038819 0.9585248453202903 0.06866187688550385
0.6726401483183048 0.9941027610426176 0.6322511912487458 0.19023191418500307 0.21435909162476274 0.24332281898381702 0.6952812349967976 0.8286850931475788
0.8667774098838429 0.31203851063580246 0.40297133281965103 0.7123769106937525 0.04248131784238551 0.8837171745711526 0.6362321806425353 0.41075863599399076
0.14911299106558107 0.1828079921592034 0.04438175143173306 0.2921255875698636 0.48973778739520524 0.006486277479229918 0.7049161901522426 0.9883468386295311
0.1687766610402872 0.5114807571834972 0.052516873365947014 0.763340559546978 0.6150018272760952 0.17212364152262005 0.6325069284080638 0.1533970060574521
0.10317882264817657 0.36706377377319976 0.5696879762078876 0.5835317595744578 0.2954895059901581 0.031829051737329195 0.8023871342089283 0.47289700003090807
0.48622123928663374 0.5161131175697541 0.795646179627664 0.33366697457958483 0.9131625668232363 0.8554867401122327 0.8387065464049357 0.5775835644504768
0.986947342293483 0.7350219630407202 0.04644434365124961 0.4049026050371801 0.35842949783065436 0.11220897417938935 0.013172393004859728 0.6602814767738072
0.3975472134310125 0.8691492183350318 0.8470061121744816 0.4386635544000037 0.060080375700089506 0.8801116743051002 0.6915508952922927 0.7985255734564926
0.352866377785218 0.510335298159256 0.8774129771921427 0.5207276485623061 0.05205404330471641 0.0725663825506857 0.2374422182260476 0.06468884396228469
0.6711188675873841 0.7375707668267082 0.8310199817880332 0.3216213714268499 0.9221526751093369 0.7381144672552236 0.6002639223940198 0.033798996650976965
0.24759994512479055 0.2893353935878634 0.7613567599685698 0.45807277210388575 0.026072890828132356 0.7923979656040145 0.43365817832601905 0.8434407974016419
0.9389472788306606 0.31563813752831327 0.4047526142299165 0.5654370704851032 0.25614474066800375 0.36039590140200806 0.7513499105619207 0.8528776298877276
0.9428436987181911 0.5160840900514323 0.38302037495656593 0.1670448179338926 0.7329914441123587 0.4933865699568344 0.021675358718386106 0.23180457983686142
0.3196248009828929 0.7529408966078973 0.5598384436869711 0.30015401407334164 0.7481369658261627 0.4084078383695191 0.9901994931004701 0.21174889231529725
0.45624682978103326 0.8519154306749346 0.946231387724284 0.9438103226117823 0.7779622373704363 0.37105518178602037 0.49656711879968707 0.4920146816673848
0.24063040246450096 0.08860660363913964 0.5230337408708554 0.5078938088789972 0.09906370972866418 0.43699795594314195 0.948141218337554 0.5667484474908854
0.7200650329262569 0.08174911025872666 0.3380529648344023 0.840250706875004 0.6802740080545048 0.23164129724170068 0.5823097873710557 0.8068755715276565
0.7122043808317285 0.9199658036621022 0.44515351884728827 0.08144520841452807 0.25650026649527413 0.17080259133548592 0.8583070949108609 0.8076312221814862
0.8719661052951116 0.3116884664008457 0.46489818530544336 0.13697411166614548 0.11193952867551493 0.3519587694028591 0.2829860198896075 0.04804203646095839
0.1828163123644806 0.04681107525728123 0.582365497757962 0.29092591365766496 0.7249183755081418 0.3470240016442312 0.08268801542182447 0.1448518369777485
0.7884792224276707 0.6346464032712099 0.4719953213369543 0.10445771971203 0.7681552730777593 0.0811073875867977 0.21970765660129887 0.464083790915075
0.8087421018424411 0.10811289234560062 0.5662004608946025 0.8194220916348544 0.4401365662250034 0.2169172797775638 0.865509287930475 0.20264880100539073
0.8752771981486306 0.5434137910920827 0.7188533213868314 0.9750045483750718 0.6162021860445472 0.9142055468620192 0.6838450726412222 0.857140086492757
0.9338686989188313 0.13110461076265734 0.18084957394193302 0.7785039146358795 0.4989823075078146 0.9636014101376739 0.17174174687864863 0.21758355618550396
0.7045957891815932 0.33099124363437915 0.5729253743726347 0.4167656223855246 0.09322843182427487 0.15553384758447553 0.07561228098464534 0.2989771822096966
0.01734262898550276 0.480754733846783 0.22398515300725463 0.8510965681232167 0.8318157985560444 0.47463371398180476 0.9192941670835073 0.5371686860990715
0.8734926722390818 0.6582092953365356 0.3141155485337789 0.8164705514310554 0.3882498784441002 0.10767846060300768 0.5878942823679022 0.9044206568738267