13 100
0.11619963284720047 0.8222274688729911 0.4007809497052063 0.8070285579616859 0.24972892284096082 0.15666329378835642 0.7805209461579318 0.8600247176366211 0.3840081379413113 0.8287676034116145 0.23148400887939735 0.09134641261429521 0.21544302146178274
0.749278841966497 0.7427391141716108 0.25904770988723436 0.4851520749073439 0.3575215909077001 0.6887964024663102 0.8524903640489697 0.965212090090318 0.9714248914010647 0.6417765388068293 0.5961295813355663 0.7082098197284177 0.9826646112952084
0.24569839591212395 0.44764884571163777 0.5423351152023659 0.8095362174041023 0.1461003143552413 0.8811929883315431 0.5755664085296637 0.9112300926219 0.42060073615561144 0.7401085899424952 0.38694033735971556 0.010488947440985052 0.38071169572114394
0.9922649717579837 0.7841749371764509 0.9282790738592142 0.12232927727677156 0.535117716894793 0.9164617634042952 0.8681058983243005 0.6977179181214432 0.3478282997599301 0.499218579616144 0.7565466553278621 0.5697168809328877 0.2548910980375797
0.7395703939264984 0.2060382673504546 0.24378172371577733 0.8525434825247235 0.42930847680329043 0.33617901474752054 0.16184387118981713 0.6407157390961172 0.8369208151607651 0.3650938752555566 0.5826686363757364 0.5529165118279131 0.8264438322228155
0.5335996838010133 0.5416048679667262 0.0338207079108368 0.4395228477501756 0.23584985215127396 0.4465672205940231 0.5246809384896247 0.40071816727399 0.3604069127509275 0.4872340314131839 0.014320459664877938 0.760678022465614 0.46965922747714706
0.7249375663180837 0.4864893116396858 0.7282703334915774 0.7401095987836562 0.20019067402076074 0.8105323381107564 0.48548640365724327 0.41382355300532714 0.7517209635626187 0.955511910848885 0.06014322434754116 0.6542830818313614 0.37939210869484996
0.9921748884889198 0.22189742568340665 0.37318835144340756 0.2527140047592771 0.8735926291521189 0.3432805389719138 0.06067610913279575 0.10400091221304608 0.5817198423293087 0.822009008959636 0.7719584120729107 0.7445569581595367 0.8092693891392209
0.9355533725853173 0.7347576190015299 0.24303093605928938 0.46048175315717554 0.9979581474604441 0.05657210016242742 0.6479918769008128 0.40206550511938954 0.32352783189311285 0.9109892969417559 0.6913958497343586 0.11453327097283916 0.3182604613431115
0.8506795047680196 0.047722094267259374 0.18326623669904918 0.589293732194281 0.562223980343835 0.32836770989939823 0.3415811703385244 0.27664606841886685 0.40890674996153664 0.9381248422334927 0.7748927886829747 0.9054246167958075 0.01572543916241742
0.3347252161679808 0.4090140589848117 0.35940182929854847 0.4600191616841105 0.26832145886310965 0.8486199414642767 0.843553555543302 0.4142170130042089 0.7073656152993921 0.9060561465965938 0.03266341915384541 0.7689880336479248 0.14216549264009615
0.5516539049007549 0.035525879236584235 0.9866363182384106 0.9992077277027205 0.15927262498317873 0.6974303912506226 0.42115018746426325 0.5191236958167765 0.03197660112302769 0.6484979238686144 0.8776609981692306 0.25313040255482466 0.4597239223224554
0.13046974917898357 0.6717228641946836 0.03066996530693722 0.247016971142904 0.03705225871126283 0.41930009696424264 0.7036124939044656 0.6069493656058574 0.9771705820358322 0.005726819497010371 0.8114223210624755 0.8547591450519988 0.8554183163948114
0.8092773049699815 0.8665936065543205 0.8578530970498806 0.16094423660867407 0.8371508869203694 0.6623413534043588 0.8677259760878503 0.5605110586146913 0.3610601075884997 0.022318535837531628 0.922583064791328 0.5911992165819256 0.768946700311542
0.592789960683576 0.07149998427025239 0.31234862445795364 0.22972840342279277 0.7143721127823113 0.5154974658431922 0.8056624629823395 0.019121443718851827 0.737334210615989 0.3299705513487301 0.7612033824274346 0.49150883809496393 0.9884066069683103
0.30474966141207893 0.48442634837954646 0.5144083875763833 0.7952480893311775 0.8096254502308687 0.022676459542239624 0.21994270409933925 0.6032689453187291 0.2640594429352856 0.9892927009638629 0.10040065277527599 0.6458236572033355 0.7608877153041486
0.4577149342187925 0.5600158643509234 0.8045832266110132 0.41149352941899986 0.4080648737255882 0.2359592510617996 0.38400677027759256 0.8743322655681642 0.25647345553321643 0.47704126455862617 0.37060424176040363 0.6789420557307719 0.8123867896112749
0.9846745665650883 0.572129894651988 0.2981824492108087 0.7834147849320102 0.8337462381832405 0.08644091541384769 0.43262105917245974 0.9810621871503283 0.7310827087772735 0.24356783608032018 0.785952331345377 0.1350137524826448 0.40845181092850946
0.4608016492770689 0.7704453591843027 0.389082602360165 0.7189630497434307 0.45142149300389245 0.7507617945498394 0.46532491136476106 0.12845030898181808 0.9121328957937818 0.03001400926976594 0.3894395048880901 0.5457575378362517 0.2552368994826927
0.8854183894436279 0.22129177234620612 0.30826130343358693 0.8560321996876392 0.16008863121746608 0.7170413384071399 0.7417145462367473 0.20577888946801348 0.6642981218377443 0.5844149835620821 0.34977663272927084 0.12076291756934798 0.6150449094666232
0.04694462095179597 0.32487692473895646 0.04360001023100113 0.5243698800976038 0.5342711005144658 0.06570384201001012 0.6905374325714355 0.05383792194024817 0.8024282414052754 0.5777140447927512 0.25336139852446515 0.6935609542046777 0.04470144014701671
0.5946047746334834 0.460532793546957 0.8187301051501338 0.8857559437925748 0.880562046490997 0.5015374047326834 0.9806554783571111 0.09576979929608886 0.38842418533994916 0.3582220550018187 0.9083828746972944 0.9694320458720951 0.9913368085490007
0.5051499171612064 0.09356368054036324 0.11850776895823045 0.6154070048496875 0.9049692197822846 0.9979474580370672 0.8670149416101517 0.45153859892413495 0.620386817659224 0.5396703519381477 0.8298265683857741 0.3131329132522289 0.09148174254661301
0.09794291867001048 0.40879422638115814 0.4227092660196563 0.08196839354412955 0.7004571483117921 0.37197257645726267 0.7263906919851024 0.42347825532790184 0.14575544085128866 0.8380345586946991 0.02742269594105662 0.19654352847323509 0.9190215074584747
0.77141462849686 0.32173049946088883 0.05352161593121085 0.3803173646136033 0.5171201868767337 0.7545296616409667 0.675864719321434 0.4573067824262732 0.3008156521612553 0.16589368311020658 0.8494585270402353 0.043836783575195604 0.16806697449788965
0.9394147352638124 0.02920759784442395 0.944762529976997 0.5753872453977528 0.06306452601559898 0.3767173792486912 0.4851190366322218 0.51345259647653 0.054889723953472136 0.9907481053890337 0.9930837515218761 0.07689099417763201 0.9114390262504877
0.3887737294389071 0.8378301647596247 0.15021406054852138 0.1414971382409982 0.5253540256766874 0.5593242432656576 0.5531596843665983 0.30455410271577954 0.5074841891035335 0.34337168793001605 0.9365603969299506 0.17722017441612614 0.27183637942181405
0.8500891262199952 0.8597178101973231 0.015095840194775167 0.9360254934271058 0.8375433939005218 0.6923886805481713 0.7230969189018202 0.8790441541213248 0.33793970773998394 0.06770542941474222 0.1434706888000261 0.17533319884172394 0.7776697589005721
0.8228440832524149 0.08029708469000862 0.18662733625320715 0.08781775147545567 0.9605756372022287 0.0764705415201401 0.952822217416092 0.5726972711392554 0.46174572240382306 0.2050073297514755 0.6537959754243787 0.735005768376066 0.609894734133876
0.4071540379779618 0.752429206959121 0.7725638128424868 0.9070577440428701 0.734285257286031 0.6470160015511929 0.6536029837721824 0.11543946117963833 0.7022670327228592 0.29027289280568014 0.38033452959586656 0.41337461105166406 0.6065275276911362
0.4295826699485268 0.5872271237959417 0.010766829711233217 0.8882768643899918 0.2144175590934484 0.26329455006342306 0.4814418130535415 0.40160761545987533 0.0836800840550147 0.30459162464197964 0.7072195581662023 0.13015371287393374 0.9812599171467871
0.7507909267401003 0.5032541551242821 0.5108819083400344 0.8942765741040272 0.023067833335755905 0.5896631865341205 0.072002845832139 0.13314500848726196 0.947728052206899 0.053880207345027076 0.048199372307036525 0.08712114566361062 0.14828515861212854
0.6070921072897921 0.4816034023729484 0.38517487461418054 0.3797640087626376 0.9440000748942985 0.9698394729918196 0.08891029274818252 0.9705476379955528 0.2472597837533359 0.04383859688782954 0.9726327623124936 0.09281263185684352 0.5835719344912649
0.7874866975827132 0.03703307428901781 0.7402206181697003 0.00151143829090572 0.5710067440558594 0.7325618181665512 0.08081532320869333 0.133662602748725 0.2049718917608867 0.9551471200394339 0.7409152145951872 0.6447346251436915 0.2509812449770601
0.662192421337419 0.14089266002066136 0.24744169252615966 0.2588264562669903 0.6662350936034228 0.04620164642058233 0.8614075082386377 0.6138742675741704 0.9607057504800458 0.576389477466426 0.7150230973883591 0.8942411151932491 0.3356013231616485
0.8110069123984878 0.9549346490703492 0.31043478044737405 0.8913896860642595 0.3938943882016025 0.9765177869859055 0.6138762976452761 0.5014761193596817 0.28736452407575885 0.2790158727298844 0.20932646057001247 0.2648685946531235 0.9668332347281452
0.566796782894056 0.7792699659653339 0.1387966873407206 0.3022901724639909 0.9409107978887441 0.2635018967213829 0.6883357670975794 0.5586982787581084 0.9006658497422617 0.5134031985855454 0.4962863136240675 0.4957573080395359 0.5867355907149612
0.5197693568208678 0.9151293268231804 0.9011597644065377 0.8890385311362106 0.12812163559387957 0.3314055432360258 0.4085006608642213 0.0563282606979838 0.017118253815520457 0.19072872011529773 0.778189002494948 0.6919508933190237 0.6697252887508185
0.8755583275253589 0.16673183739994024 0.5815872733982786 0.18674821440378409 0.5011083654006688 0.5209491805801149 0.9917455206845451 0.7358802427293996 0.6750154905188094 0.9957330841307894 0.9539276703358973 0.6231899686789067 0.38180541298544857
0.12738553680363873 0.05761318034428231 0.7499291695608434 0.9583060202312673 0.9961548628539169 0.7723710761427498 0.4371936027877126 0.734737554110724 0.5339660381379262 0.8478544781101244 0.2302522215171129 0.6879402501514793 0.17283318624772126
0.7888095066429399 0.9821510154405257 0.3698982797083674 0.19443868129675257 0.7418072307141845 0.23445740518209335 0.44325967587293136 0.7717479513127524 0.64899551773484 0.7582264941330874 0.2004286972896545 0.40960136639764444 0.6510172525789781
0.5776505419297203 0.03803796909899482 0.0029973068563529104 0.6595591748166065 0.3709171070717314 0.07712547158091265 0.8712602539943842 0.7274602821089066 0.9507299361275231 0.37565730986825874 0.32814914193272526 0.14760969333665952 0.36741620000631803
0.014260403574668623 0.9518779268681424 0.05429632654950722 0.4555266979050172 0.9457440029781068 0.12887725532837435 0.7551604478411807 0.8116001915638609 0.3258378772367493 0.832263370919434 0.934402090652699 0.6047282114239856 0.41505357394631337
0.7395664456797124 0.43653723561470226 0.4439279856336231 0.46936771524128795 0.6086249281225046 0.2647512488034526 0.10097628677766568 0.5010984477561294 0.18732371567550088 0.40417248898114166 0.46212907693627014 0.4958448794125967 0.4067880792236007
0.6362988041846555 0.5044529822815415 0.83382472740575 0.4777193085192546 0.9381311814064549 0.3935202903068752 0.3142300447495858 0.8964324727765376 0.4098122487715047 0.567750892304419 0.1363354535797211 0.07969913357662528 0.28637987848392255
0.13226290353138648 0.18645728555127294 0.897724397812635 0.04068590589244958 0.727268757190335 0.5947443844091485 0.2868478481955886 0.9255370692558444 0.8545879543071926 0.7202297533894859 0.6304963215953396 0.8697801298008803 0.72014096660216
0.37707210398026947 0.2542221189407716 0.022717603067866854 0.8642024766387664 0.9660929906093482 0.09469770824861412 0.45734932610484613 0.25936230407118244 0.3167066750231887 0.7758316843030119 0.5543049353461146 0.8064590988365247 0.99303974548858
0.24047536313416118 0.4191323074195281 0.08365812944168893 0.8848075247913169 0.5707083197931623 0.15848049367313943 0.40071116545771046 0.5658676890197961 0.9590288099933609 0.6217068072776744 0.9754365330818916 0.6424506112415262 0.6467278579033017
0.8379350979071508 0.2664521607272454 0.8164409217252845 0.8715951406287374 0.43733359757014967 0.0005667266110455094 0.5881488322221101 0.16140954980093658 0.8223373927433055 0.442165622999939 0.9188603099079078 0.5123975970533563 0.7787026263358194
0.9033616325011298 0.5234360727217556 0.2511325480664899 0.12711204812995935 0.12688735218498037 0.4816684822509506 0.4978644019917339 0.019166736449447996 0.5574605774961284 0.7126789256761012 0.43458997486348516 0.9198235183768043 0.3378040355584472
0.41667475672197574 0.869301223699335 0.7929394382691495 0.8132831070004123 0.7636533165381248 0.793879171030073 0.6081257842545247 0.8964619928524482 0.8579247933558055 0.8866748749328789 0.47943528489864573 0.038838153437369294 0.9373434194693397
0.5712124575956437 0.6638374404282661 0.6362948722034251 0.6546684816236242 0.9294260979540778 0.5517118631433816 0.9419789784974344 0.756785432899483 0.8215687787623499 0.8326239416623696 0.9360699773096544 0.7145130969985286 0.34044364251511294
0.9381319514480936 0.8481264043554103 0.8801194069035246 0.8096659201289059 0.8800895616828525 0.8551394392982423 0.010011883802499622 0.9961209099741246 0.4994067672555893 0.7786060454738339 0.8142711944843789 0.4164785313787982 0.5329183498572656
0.050573691686112254 0.7961887605654018 0.6356857176503524 0.4561656213407407 0.9189850309807194 0.6896741395096129 0.4453846457058599 0.4370372363541397 0.19723481951586563 0.5416319620682165 0.3777737656851611 0.08454365362089644 0.4734553484769197
0.3760224344829852 0.18014184059225646 0.9318404581005046 0.4516738883790187 0.768811979010671 0.0020194845698646713 0.9155596358825798 0.3004401385550578 0.8809126540818675 0.22127644233173305 0.42348888884278324 0.30738560999390674 0.27671427343703603
0.4086621324702241 0.8640162434889338 0.5760765339262519 0.46220214166453166 0.9716248760429389 0.022040042564510087 0.3070999500224658 0.11095465906020763 0.42507355496906485 0.03387279770942642 0.5773994920015365 0.2663925384946604 0.12951504511372658
0.07961435076358536 0.2913959075106859 0.28450261756937456 0.9240762772674079 0.9932799769228905 0.46600471239874064 0.31551737429793536 0.015344264620670511 0.6748080480414337 0.24847783012394553 0.9652979268629962 0.5963459332416183 0.726228470079312
0.23185056015300431 0.13514653924453568 0.939450672260337 0.9024853236810634 0.15371411410947866 0.18869650036385588 0.5770365644924113 0.8474185496063591 0.651164262374954 0.040011327992108825 0.2055680034826659 0.9666822475283232 0.11247821348100617
0.013190094314930234 0.8326869287832428 0.06957498435800613 0.7720773598499682 0.27362644894319677 0.4169069474178866 0.4982699644377534 0.3717673610023875 0.650834577155196 0.12090012592071908 0.11807626096768398 0.6137683744690161 0.14013394854859673
0.8320859160260339 0.8496140342349469 0.4737365101669796 0.6788785098844287 0.5027798355648522 0.1939498133218176 0.9148546274712405 0.49539707248698006 0.3070134868596234 0.3490392743153825 0.5852678971064151 0.2646729905331282 0.3093391626286217
0.9581502709733819 0.717823764049859 0.00671357456657673 0.8815139825345368 0.1388906115091666 0.8039806174993089 0.07138827793848601 0.41497518470492956 0.8907989057983882 0.4893260702819293 0.4258983194584799 0.2095420393838755 0.3666184287244637
0.02495979286740324 0.6844038083728211 0.146659340407576 0.412497580394682 0.024486400443019973 0.5296362781784478 0.8036582515884445 0.8549197027895248 0.9311741433946599 0.10641210814929158 0.8699026952480625 0.8632834986738842 0.0037533821489971197
0.39884347318334357 0.4879409898082915 0.25397459870829564 0.5184450751323225 0.03458034996684167 0.25162171473238104 0.7577900975388218 0.4277888125748198 0.578894465431695 0.5611887749290546 0.1165549129518808 0.8666866442883301 0.18515964490577508
0.17328313832663989 0.6562821184909231 0.7616255471725625 0.49147785388239495 0.7935554490401453 0.11922508704996182 0.38300612286336555 0.5662549150551168 0.17474796448636087 0.662455845163265 0.9740467265445752 0.5574320275544107 0.8272101596956087
0.35000657833359305 0.12268375437979728 0.604465916625943 0.2303188271865102 0.15424506277379468 0.9539848890927973 0.4018261304014037 0.2187739454844816 0.7286832658392984 0.6581857697102146 0.8242754492585921 0.1255319991679833 0.2622288537899877
0.5198774991717462 0.9038327704611324 0.9052088700244935 0.7705684593360311 0.8052305743790465 0.8245047094118556 0.8067903376151292 0.563069442691347 0.0760533944355769 0.3193003325060014 0.8149360589641182 0.7886787193224505 0.6620924735673692
0.266288895815174 0.4064674375520547 0.29442575641860425 0.31014635978057936 0.7138986704081698 0.8626240234129211 0.8792875111792822 0.9673400268988454 0.9842259914457197 0.43281868416750535 0.5363674353579643 0.797508645233668 0.9671563254627552
0.1971049091722501 0.26471770574577747 0.45094546550901826 0.4512892288955832 0.11189101930660161 0.8720349533406725 0.8810842463649442 0.9247973445703436 0.6585130706488361 0.1389897846167143 0.9912538908922586 0.5486962033937476 0.7739033315768957
0.6123672461894792 0.3614235213854895 0.18940971402513096 0.9453357424160288 0.2445640045561941 0.40213850093013037 0.46887683355654364 0.8113435139608502 0.09454100016121103 0.12308785829038804 0.09240979282411832 0.7695667786550454 0.13581431750682216
0.7101396528777185 0.9254243568323479 0.7452953164341367 0.2864967613153716 0.7546119419022889 0.4130901348922942 0.8301181881136683 0.3091397403994439 0.9789477306773173 0.9075494664559944 0.24036490731484794 0.0689392220402959 0.42832636247209
0.3260388471515755 0.39720812556550267 0.2477843936580214 0.10201489147942044 0.38758642117319064 0.20298839119017564 0.15569552461492675 0.34399923142861344 0.900286506527611 0.918354265477888 0.6982167084127018 0.6770236596139674 0.0197427124005638
0.8907049871501093 0.38401418816187627 0.9941835292429738 0.10086441986522543 0.4453401965571301 0.5056307486443504 0.597662553497338 0.4308332169944872 0.6415831245262048 0.5674148943832171 0.5608747463102505 0.5593233298926126 0.8628633994841962
0.04642923604747251 0.538022580263941 0.7779115966035268 0.9166238714444902 0.6476328793768256 0.7236144990446541 0.6862622361245555 0.08270429847417138 0.6320535711048535 0.8827186404115107 0.5680247300353235 0.7693870729051939 0.1070909593791397
0.5652334145556722 0.18626012408254777 0.34981164422115585 0.8246082019315539 0.04576831694824801 0.05477983373774553 0.7817116299771562 0.5274827423432424 0.5396193958137939 0.7929825711017776 0.6879477197336608 0.9254674196963608 0.44854105935204813
0.280858239738633 0.3297663313372253 0.13165534332843865 0.339138515610544 0.8305222978955171 0.7917468719571229 0.8912258178195668 0.6512961806885257 0.5882273526393564 0.7202166238813603 0.3606999992818515 0.24737037123732086 0.1259575567918957
0.9497701962507512 0.191789268703498 0.9903416206216993 0.30707598430178107 0.4233287636831867 0.1810977797535801 0.5986372452713533 0.7778837204753453 0.2830183234360447 0.8604972131244245 0.011170279573916586 0.023532846009994723 0.20386436641298422
0.385185004114299 0.8258457358310934 0.2633492031164797 0.759221035274516 0.49735549800449574 0.6694097093597494 0.1585602457239339 0.34089405297495134 0.7036839421013844 0.4236378642469404 0.8404297465063713 0.14766986899624945 0.47623940503587725
0.16198739578726318 0.3710638644828843 0.32370152494582094 0.17224338428210917 0.805351625462563 0.3935452162117059 0.016605023361723648 0.6511297999884317 0.029177359738895126 0.9171718390828766 0.8618217679353174 0.102814375914416 0.21332574897145284
0.661606424328679 0.5395444560282928 0.3242635046939375 0.9876264736979039 0.09843935091671863 0.9269131620805378 0.7823224551697885 0.8941770920960372 0.762335385397722 0.02324577861393462 0.6488863324426215 0.6229567571658332 0.5924780241742263
0.28029946624824564 0.11917938747638246 0.2546434143188169 0.3852570259576097 0.45018143382260856 0.7451964281611695 0.2633470073035381 0.7710579636308306 0.4284855203990906 0.726141707626393 0.6979680049067741 0.9017596191140999 0.7823303603446029
0.17553897092178194 0.5298615058993682 0.5129216499421241 0.3178320738691628 0.3142823653637371 0.07025401853873137 0.21941614545138266 0.02208307665871312 0.948103523253524 0.6458489881926919 0.6488006294681676 0.5755733199457164 0.5744203244462711
0.3358727017454197 0.426369509334815 0.6540370389061128 0.9999348249523848 0.9806456495721425 0.04437254236062593 0.569207137554125 0.9547740198030529 0.694167039740211 0.2973956032819114 0.8739009495505784 0.502778124857145 0.4266512848871714
0.26806835967164977 0.06189914419987652 0.5339711789711842 0.234036149870386 0.4208330676245622 0.6610731841401402 0.8406983001012052 0.014130074895173927 0.34171538608473284 0.30329489575920976 0.5393207599010905 0.2650700851996485 0.5473760182061103
0.041736881695921935 0.20061515849475664 0.3283452005018517 0.5715061845790907 0.9187826386292852 0.7706722487058018 0.3400034615605214 0.05870074610953835 0.8461106273072126 0.03989060009691692 0.9386335972614389 0.19668338423647813 0.9259622774373476
0.2619305045391781 0.805238912759359 0.6764240580812586 0.485774776772114 0.8147887839143768 0.3302235565224909 0.38173472310925594 0.038262275649295074 0.28712435836717354 0.6599068217108234 0.7597802588886116 0.9029911593338316 0.7028547149474649
0.1503655664880168 0.7331137835309119 0.7927273872067407 0.09514737655437011 0.8879262472711194 0.6594815992829702 0.9413140370834844 0.8905843135794125 0.890708572231355 0.294726517298599 0.8982563639534544 0.4129193466016535 0.6249243427336652
0.8416786464058952 0.04491705465982865 0.06746839074643085 0.6195742909072205 0.6102355335870312 0.474260338432795 0.9583027183357814 0.7844923589000331 0.18501840845891693 0.12925567124216464 0.7366050125699709 0.6916011030752195 0.09576851594048064
0.8940368565773175 0.5450068700082452 0.4371740899491324 0.9301485263431126 0.1130922019869296 0.6275607209433975 0.5914802730968476 0.7395619616856158 0.1203556986135983 0.09873366101726588 0.6401446999719433 0.26047708752228493 0.9753346834273107
0.7487782768823511 0.8720717271333301 0.553949532806463 0.578305299645999 0.8716383596868938 0.026638202871751004 0.7145113656284304 0.5018210882530019 0.8865280222520906 0.6598915629510256 0.567234632204279 0.4385251391357471 0.49669529416052505
0.9922337274885868 0.36335262343430996 0.11238662241490638 0.8815111576386953 0.35082980014087617 0.07797770527296866 0.6318980121064002 0.6454333858579544 0.9047720995811442 0.9341872385794172 0.5484463977084804 0.44292513501208797 0.8973466320901552
0.3235299530472173 0.393168554195391 0.5079655220921758 0.4063324034042033 0.43159311227718955 0.38600310269105176 0.35324660118303 0.35212917470105276 0.7771098064220142 0.2715267295440561 0.1266935869075475 0.41931728018507297 0.3438107051847429
0.21996044905440404 0.4989900272410135 0.5530962861386061 0.3115553199931542 0.4352938376056097 0.16264604313436148 0.9644176826794344 0.2587335367385669 0.4169702558867745 0.681544262832012 0.8239242215594788 0.9953724544696844 0.8866343865667863
0.5038128903451062 0.5557550716568886 0.5748442613319326 0.6822203178470402 0.111897114816497 0.43185181250080495 0.9377681354144816 0.8748417519418319 0.6406000860651458 0.19711999522906754 0.34145495758927147 0.15385271565506786 0.30597834242086175
0.9131712031688839 0.6479427197792876 0.8545772735344258 0.8350902169085969 0.9004603399147268 0.10602657961229944 0.8336787293694229 0.9759821192898086 0.3128729016497567 0.19310349912065694 0.8800451567730627 0.7373298146759052 0.5800460321648817
0.2545123345593199 0.43245126113268273 0.08514567758739333 0.25242446163491195 0.2372008838873212 0.09851769679565126 0.7584579284848985 0.5124451193976758 0.01741744811328383 0.6664989317619594 0.9352434224011368 0.4301579862013184 0.6660482675273296
0.550559387430754 0.112827683415195 0.09284222536287867 0.5553036697372953 0.05246790898618148 0.14899121008039096 0.15008617067913343 0.3027742836358399 0.2584975174510935 0.6264153992476328 0.19769497127006141 0.11660384340497731 0.39624099162710813
0.07628102180081175 0.29246641771064463 0.8502457195943111 0.5186909411207781 0.6319663483895093 0.3141703818167688 0.430804719953088 0.7209176589999701 0.4148507554120794 0.6851239943462566 0.04113555995268481 0.2212108326091885 0.44416883224322756
0.14415411504743614 0.6466409211614208 0.47829882396110757 0.32505220621291964 0.34189435314379746 0.4242512560625159 0.27021426593659437 0.7155676453692571 0.5287185660152413 0.8888408293074863 0.13139323755880983 0.6390617628250507 0.5035186006859538
0.19492021863443576 0.20200411581512467 0.41329561718097696 0.5348186577768304 0.6278873362317754 0.5854862010662851 0.013231505862113191 0.3048009643540206 0.8081877632211271 0.20630360860278685 0.3593861990618754 0.5725245747219136 0.8443982918997694
0.3575543222496028 0.24410284247352165 0.3476039167067764 0.13553873299973818 0.07839736342054526 0.6986013296626773 0.2336595707971122 0.4577064584557172 0.6220473032204967 0.05160286282053694 0.07846805052145067 0.17710095818355986 0.6712615101930044