2 100
0.2557049114606751 0.31499782929183184
0.928529592713677 0.2201760867595658
0.5200520880018255 0.8596523379875206
0.7882681978127789 0.3546207965866972
0.6805728836944728 0.4494721425850299
0.5719998916921194 0.7476048050768217
0.8895872691372181 0.41984665847387304
0.08287075250396003 0.03543722534115745
0.9199041686920829 0.5018094194672762
0.8474462293925252 0.20937132978168937
0.012165398672747685 0.6446403861703428
0.954798896314878 0.7293943988763986
0.12050976847176564 0.7398883286278198
0.94326472383189 0.13914527003811716
0.1013342174728924 0.0514959006572433
0.8708124429543131 0.14214301057981849
0.3799615868866132 0.5191799549018982
0.29566063617160154 0.9429235911437596
0.5527100862182471 0.05720438576335862
0.9387814969191381 0.9547196267089119
0.7642461504142495 0.4020097529655289
0.1511636810106427 0.692489706200408
0.1465944742442069 0.8656881642981342
0.5696323891625232 0.13621518621002981
0.9282823306352831 0.052880204784581
0.3379931137362202 0.5757220966923857
0.8170674264088312 0.4465563207477853
0.20607013137304275 0.42612073251345495
0.35868970643642994 0.6464493907364575
0.10407078231621458 0.4260534429488658
0.16412160809694065 0.5872312280863206
0.13507708387746298 0.7693354899743794
0.6332976266434018 0.6872197049412287
0.46704782706591796 0.9902446309596248
0.6056128424054971 0.6552563674383622
0.6128297341769696 0.7795558017138402
0.4619067556327412 0.5341144925280256
0.04105935903954028 0.35835657013454636
0.7180234033686701 0.567264154674833
0.39084955130799004 0.01733809535997821
0.13389768594541152 0.5837561617272029
0.8854393201502835 0.7059145716255939
0.4788122648481804 0.7196303205248665
0.047650339304530775 0.47866489433544124
0.8385001174382725 0.6691036233664522
0.15907783372478335 0.8745933489082974
0.774726419131229 0.2814144094047428
0.26661073677100144 0.989165590577073
0.5456645682463759 0.47291042535399774
0.3458213282350089 0.0963469610356621
0.8812771377094142 0.7948509860606687
0.6634250923302706 0.0953083451422615
0.8531332365397735 0.7214445887324055
0.21547610594568178 0.6124185944293866
0.8072344834175681 0.9726771920019728
0.07314969481384803 0.9107371509876058
0.8827065253462046 0.39155395844324625
0.9824449247622618 0.3060419614031017
0.6854396269982839 0.12737032818829253
0.34554373174013486 0.5479069410946844
0.17204671527470083 0.5116736866618928
0.6557269691227351 0.9978749747664953
0.7760393180517213 0.6230660397959478
0.036929790425914044 0.14165752690981115
0.06731901506442306 0.6429796682059212
0.07454872386401301 0.3904016580465849
0.8406677558792132 0.061498960782566336
0.4144322013084387 0.03171018279268378
0.6548879668184825 0.8355161915741912
0.21831827180843288 0.7518676688376761
0.4406750343875837 0.17127026861175854
0.893384267542168 0.21914386583394818
0.8616829521830845 0.456981292110208
0.25425682188448206 0.8392073045920788
0.6608548722134656 0.21077564930368542
0.5114334953074126 0.5386933643055136
0.2826994424654733 0.14569807329575668
0.3272620464340096 0.26890264961956634
0.9853196934684959 0.9285590106677536
0.8156790426478883 0.8037213736430124
0.2949291305627145 0.8578388876233914
0.12679922768356733 0.5767719310362418
0.9457520928286461 0.9385280552488424
0.005963494753064569 0.14936048842654115
0.5662665094968179 0.5437457415399081
0.741891000243342 0.1637715631323079
0.06301756360331734 0.6696738150472308
0.5699793434267441 0.6131947925684289
0.8904431234215437 0.5359813205072286
0.7697006925438743 0.013016120372739026
0.9408288613111685 0.6908952283932206
0.051097271620378915 0.12513991865730234
0.0919260361017048 0.3309181424518228
0.2714417012082522 0.46542200756342256
0.21581001871629146 0.7858555024629561
0.4727602463101117 0.6349836942471313
0.11047584124615917 0.5514985908908345
0.3627728038380833 0.598567911641577
0.3722580352994119 0.6082111621778862
0.6815083262891772 0.19810432340564044