0.132785 0.273486 0.243607 0.667838 0.194379 0.881028 0.558648 0.615262 
0.258012 0.365289 0.170226 0.670102 0.475823 0.906431 0.411553 0.589903 
0.358824 0.33363 0.229462 0.530968 0.251766 0.939889 0.634516 0.60646 
0.336705 0.27432 0.183401 0.622151 0.293526 0.955229 0.349256 0.48481 
0.336848 0.266474 0.220038 0.71673 0.209509 0.862749 0.402917 0.508703 
0.303594 0.113402 0.353548 0.627453 0.223366 0.903211 0.488178 0.615844 
0.343308 0.377819 0.3289 0.686009 0.208997 0.888061 0.596823 0.702581 
0.183702 0.266382 0.12148 0.795456 0.424962 0.998006 0.613738 0.4601 
0.135916 0.170314 0.319452 0.541778 0.373041 0.857308 0.514862 0.556087 
0.271947 0.437716 0.123037 0.70531 0.174508 0.924576 0.494813 0.619963 
0.61408 0.0437809 0.254351 0.905907 0.815232 0.727387 0.386852 0.182784 
0.806064 0.193842 0.362237 0.910682 0.806691 0.651287 0.163441 0.36401 
0.713465 0.0617819 0.302715 0.754009 0.818776 0.732918 0.176681 0.277154 
0.826511 0.072933 0.519364 0.912282 0.773265 0.647575 0.417824 0.238118 
0.789659 0.284624 0.218678 0.864342 0.888385 0.828964 0.259302 0.302267 
0.785131 0.242255 0.464744 0.773509 0.861519 0.73775 0.400453 0.157668 
0.789879 0.19509 0.523427 0.979601 0.722821 0.807903 0.183057 0.342605 
0.843611 0.121154 0.536397 0.886902 0.742288 0.734436 0.450594 0.223942 
0.790045 0.0518161 0.441476 0.969842 0.838072 0.621119 0.197232 0.407998 
0.765954 0.0196593 0.465321 0.868453 0.833795 0.90457 0.437288 0.155477 
0.539869 0.973702 0.21637 0.339965 0.0249486 0.8979 0.487234 0.148522 
0.582707 0.873456 0.166923 0.470085 0.118898 0.974642 0.572508 0.0735711 
0.303057 0.774652 0.0377603 0.401601 0.135002 0.970794 0.644608 0.210981 
0.386778 0.821465 0.0261137 0.28406 0.0600726 0.793599 0.588305 0.0619222 
0.372533 0.756552 0.251656 0.44679 0.110753 0.837301 0.496912 0.082269 
0.32353 0.7899 0.0555723 0.358843 0.130954 0.997846 0.3549 0.150527 
0.238244 0.971948 0.255159 0.223919 0.0956921 0.949679 0.664837 0.0111291 
0.131037 0.981562 0.160747 0.588843 0.0728113 0.895232 0.584312 0.0900884 
0.399177 0.947918 0.138004 0.581704 0.109284 0.959008 0.560112 0.346818 
0.341809 0.947094 0.149304 0.182906 0.0538431 0.798542 0.454448 0.00702123 
0.397284 0.25455 0.193235 0.847641 0.525864 0.900084 0.956593 0.318813 
0.304195 0.220728 0.0975891 0.868773 0.47171 0.765497 0.952511 0.197786 
0.370763 0.25006 0.286966 0.978497 0.464839 0.822488 0.829144 0.0923179 
0.230599 0.257509 0.38996 0.895311 0.470543 0.864409 0.84539 0.25484 
0.315439 0.108401 0.286495 0.902941 0.51246 0.763032 0.90033 0.332732 
0.400637 0.317668 0.285808 0.847663 0.419051 0.843799 0.950601 0.382595 
0.321073 0.287684 0.293878 0.682718 0.343091 0.793682 0.97894 0.144805 
0.23981 0.237071 0.102503 0.775185 0.392161 0.785896 0.936002 0.110317 
0.258267 0.227639 0.391183 0.781791 0.288303 0.896836 0.911513 0.144957 
0.347225 0.133339 0.346428 0.985368 0.293889 0.878387 0.826789 0.202344 
0.959857 0.798124 0.448677 0.2892 0.954129 0.254924 0.520457 0.211244 
0.820357 0.673873 0.482475 0.244323 0.788495 0.298752 0.449534 0.0279264 
0.964803 0.719284 0.47634 0.213814 0.873442 0.285134 0.556422 0.036061 
0.925231 0.702268 0.495477 0.0988597 0.996483 0.146892 0.601961 0.23056 
0.780497 0.599319 0.476795 0.0978777 0.931944 0.0661805 0.483073 0.299862 
0.829833 0.660949 0.328033 0.167503 0.9313 0.184782 0.225618 0.232361 
0.735091 0.566634 0.359923 0.226312 0.898951 0.0974611 0.300081 0.206624 
0.823535 0.506822 0.556681 0.130746 0.827992 0.39076 0.423414 0.19103 
0.802117 0.483683 0.246133 0.103851 0.832214 0.176325 0.374531 0.229094 
0.923731 0.525136 0.327508 0.274795 0.826335 0.0835755 0.317989 0.207655 
0.941779 0.944486 0.191906 0.810732 0.632614 0.214512 0.0216988 0.193394 
0.888219 0.780906 0.230699 0.69011 0.930455 0.18727 0.151107 0.359563 
0.803592 0.966159 0.350905 0.817583 0.738258 0.22444 0.0100981 0.308508 
0.863872 0.861691 0.293133 0.7936 0.816311 0.374489 0.0194733 0.214992 
0.936007 0.76902 0.236876 0.846098 0.914401 0.0344069 0.188402 0.11442 
0.891251 0.968848 0.437161 0.769042 0.860854 0.26995 0.0181132 0.295274 
0.89803 0.900612 0.196764 0.91205 0.866928 0.14373 0.197764 0.406155 
0.77056 0.857503 0.300408 0.754783 0.709639 0.157431 0.135082 0.029211 
0.787979 0.764327 0.250362 0.860399 0.905822 0.272241 0.00860885 0.104174 
0.988306 0.840325 0.319369 0.652976 0.935493 0.307076 0.188765 0.169747 
0.947528 0.349425 0.581608 0.462937 0.398313 0.90239 0.819123 0.127543 
0.958549 0.239165 0.653503 0.533881 0.487004 0.912967 0.65126 0.00678712 
0.99379 0.11726 0.669471 0.385422 0.576849 0.936571 0.950507 0.249754 
0.933625 0.267582 0.694828 0.61375 0.590034 0.952693 0.678611 0.116534 
0.857991 0.24879 0.474972 0.48363 0.705311 0.804059 0.867171 0.122764 
0.912666 0.348146 0.472688 0.598349 0.656882 0.87271 0.757293 0.0712182 
0.960676 0.270631 0.688455 0.581009 0.586471 0.777401 0.641037 0.161972 
0.900252 0.0324635 0.506458 0.386912 0.522819 0.80037 0.700767 0.25782 
0.911076 0.240933 0.518125 0.568477 0.301382 0.94762 0.685531 0.216887 
0.830756 0.232134 0.522002 0.644037 0.415989 0.749725 0.849222 0.102432 
0.404259 0.437887 0.509803 0.715302 0.495177 0.892685 0.256081 0.148024 
0.443512 0.442611 0.625223 0.733527 0.521123 0.824951 0.202956 0.233507 
0.541896 0.500365 0.618196 0.494021 0.519576 0.845083 0.291887 0.163291 
0.471218 0.55097 0.609641 0.790264 0.387278 0.94194 0.272736 0.212212 
0.620017 0.521356 0.666671 0.675045 0.509913 0.867633 0.33916 0.245715 
0.470025 0.678525 0.660322 0.538469 0.422661 0.900875 0.284304 0.0715853 
0.389001 0.261246 0.597738 0.587969 0.588476 0.79855 0.274353 0.105226 
0.293601 0.650061 0.633798 0.709252 0.503568 0.980542 0.270763 0.121894 
0.38912 0.541363 0.70764 0.535062 0.538303 0.98463 0.180587 0.0526913 
0.49055 0.212799 0.550192 0.689078 0.485024 0.908421 0.305137 0.067972 
0.354523 0.264972 0.995154 0.269999 0.0541162 0.68611 0.513373 0.933755 
0.320516 0.523 0.909317 0.00348969 0.190835 0.561071 0.491161 0.8022 
0.490491 0.353875 0.931569 0.103036 0.068248 0.589806 0.705308 0.716253 
0.323415 0.388391 0.893374 0.0512645 0.20374 0.67883 0.779638 0.854126 
0.490765 0.468364 0.946947 0.103764 0.22792 0.504427 0.65999 0.798675 
0.423868 0.506752 0.856267 0.0679353 0.226572 0.619319 0.480799 0.788012 
0.224946 0.383574 0.864315 0.175921 0.098148 0.351428 0.512874 0.86629 
0.500412 0.495951 0.825085 0.255879 0.113061 0.653513 0.468072 0.75342 
0.385944 0.462513 0.718858 0.163227 0.193834 0.508174 0.721307 0.840994 
0.527774 0.559165 0.876715 0.33646 0.00198877 0.589978 0.59649 0.734813 
0.352096 0.432956 0.692765 0.636089 0.861386 0.912661 0.872112 0.329232 
0.388282 0.226398 0.792988 0.723971 0.866157 0.915136 0.847046 0.402903 
0.366599 0.385966 0.802238 0.671156 0.676379 0.967076 0.810231 0.416749 
0.455269 0.409442 0.810039 0.603849 0.852485 0.864649 0.886186 0.213664 
0.44218 0.423457 0.787459 0.625793 0.765584 0.94546 0.663602 0.357901 
0.325869 0.467833 0.685237 0.740648 0.704238 0.919079 0.792403 0.382923 
0.430795 0.250543 0.640239 0.759215 0.891695 0.892484 0.793876 0.424036 
0.389617 0.330678 0.783469 0.741695 0.712308 0.880794 0.857107 0.165111 
0.334109 0.201621 0.609707 0.671224 0.793265 0.85092 0.896953 0.440897 
0.343043 0.451758 0.859703 0.629633 0.921669 0.932721 0.826834 0.228811 
0.236981 0.326065 0.322936 0.902952 0.822372 0.511292 0.746176 0.278047 
0.196603 0.275953 0.403845 0.783716 0.783177 0.503192 0.728367 0.32576 
0.0246198 0.306052 0.543201 0.909068 0.941253 0.391472 0.655842 0.127475 
0.224676 0.245302 0.389689 0.985554 0.829068 0.362241 0.579366 0.0973907 
0.0192613 0.237745 0.616737 0.838737 0.862352 0.42075 0.622451 0.175608 
0.187844 0.33036 0.419306 0.953201 0.950771 0.670069 0.716847 0.342844 
0.170359 0.363427 0.372148 0.828102 0.657501 0.410653 0.738279 0.238055 
0.139405 0.51193 0.328748 0.913388 0.788478 0.518509 0.565325 0.186023 
0.0929228 0.497304 0.440158 0.984241 0.825098 0.40625 0.734254 0.112991 
0.0300567 0.232414 0.471199 0.932654 0.757782 0.306831 0.795932 0.22745 
0.0792865 0.696118 0.117715 0.393087 0.908499 0.328279 0.31889 0.771632 
0.0121319 0.67357 0.0791264 0.202915 0.813124 0.565388 0.447884 0.795795 
0.0241928 0.789961 0.0189308 0.284525 0.949001 0.473493 0.451064 0.972668 
0.0303599 0.590325 0.194294 0.439558 0.955492 0.33522 0.491517 0.873556 
0.0544341 0.715003 0.239533 0.389184 0.924596 0.36047 0.551233 0.690733 
0.0462148 0.650724 0.249835 0.427473 0.912966 0.594277 0.500026 0.821765 
0.158073 0.914586 0.0888983 0.356516 0.832335 0.531037 0.350893 0.800022 
0.243421 0.771026 0.111849 0.348299 0.93876 0.407333 0.44964 0.642038 
0.0518327 0.604185 0.0938351 0.290287 0.932855 0.322932 0.192237 0.77148 
0.0915404 0.700738 0.125651 0.239415 0.90398 0.265088 0.612319 0.860945 
0.567065 0.801798 0.555409 0.877335 0.720633 0.638545 0.694285 0.118608 
0.533664 0.89428 0.598189 0.867674 0.853379 0.669106 0.529609 0.140311 
0.584343 0.815598 0.445224 0.791949 0.735376 0.653318 0.543516 0.133607 
0.561197 0.826814 0.625435 0.743492 0.719338 0.582861 0.62916 0.151448 
0.628441 0.931213 0.539586 0.75389 0.569902 0.650059 0.552031 0.19036 
0.599689 0.945647 0.652273 0.73805 0.670897 0.559916 0.473273 0.156011 
0.585852 0.934868 0.445507 0.915447 0.661444 0.851882 0.585733 0.14575 
0.590347 0.8269 0.574409 0.848851 0.838951 0.777322 0.505289 0.18216 
0.65617 0.987069 0.431418 0.939949 0.722673 0.455966 0.508939 0.193519 
0.689579 0.983574 0.514476 0.931428 0.54238 0.776747 0.629403 0.0350373 
0.110157 0.481875 0.618644 0.655711 0.580065 0.424802 0.388173 0.0762034 
0.0387874 0.384345 0.513511 0.711171 0.540964 0.553482 0.532267 0.0645726 
0.12745 0.372533 0.713013 0.616015 0.529916 0.376374 0.479963 0.0447456 
0.199214 0.389865 0.42979 0.5839 0.66294 0.586384 0.386258 0.00163211 
0.0868524 0.48101 0.350784 0.731555 0.526157 0.522473 0.289174 0.0108604 
0.119909 0.580504 0.678171 0.670145 0.462695 0.491478 0.285206 0.0530389 
0.0556931 0.442881 0.552374 0.6304 0.394899 0.576005 0.35474 0.18114 
0.234593 0.30655 0.509458 0.509542 0.582436 0.598857 0.319539 0.0311329 
0.0323693 0.55764 0.583458 0.610942 0.584449 0.680189 0.219335 0.0016723 
0.104479 0.241002 0.596876 0.676203 0.628785 0.631864 0.207744 0.0129681 
0.340592 0.689346 0.252135 0.54307 0.310201 0.925516 0.0839775 0.0893659 
0.158893 0.751101 0.222684 0.416584 0.152572 0.785786 0.0317336 0.230055 
0.262127 0.654368 0.195659 0.517318 0.08257 0.903357 0.0782082 0.127413 
0.155771 0.739751 0.195843 0.637687 0.291257 0.808555 0.0649248 0.0528341 
0.178429 0.751298 0.228878 0.357328 0.371958 0.901565 0.173246 0.0884809 
0.325124 0.697091 0.0416143 0.477651 0.29933 0.693453 0.179041 0.348183 
0.293318 0.75445 0.158228 0.446569 0.358276 0.911119 0.166324 0.387757 
0.222471 0.538471 0.245071 0.488128 0.260377 0.76209 0.241396 0.237224 
0.297801 0.811803 0.140614 0.295945 0.457613 0.798748 0.0390147 0.266378 
0.372829 0.521419 0.250954 0.600574 0.330006 0.975103 0.0272412 0.199868 
0.948657 0.616092 0.800237 0.114633 0.826483 0.228752 0.119441 0.866021 
0.92155 0.463479 0.860701 0.149753 0.836482 0.439994 0.236116 0.884729 
0.920236 0.603266 0.840384 0.00181479 0.71348 0.223972 0.290253 0.725797 
0.960055 0.661499 0.82248 0.0678663 0.94901 0.328557 0.0159801 0.893697 
0.902331 0.487676 0.929017 0.130087 0.97711 0.37325 0.111272 0.779048 
0.986913 0.725337 0.989789 0.119103 0.721729 0.247698 0.32125 0.770635 
0.944981 0.500079 0.727635 0.123815 0.607975 0.255326 0.122833 0.826418 
0.989888 0.504361 0.784139 0.218973 0.655702 0.241403 0.14192 0.985912 
0.939273 0.639003 0.757917 0.179737 0.675001 0.282411 0.0132142 0.971743 
0.914163 0.733505 0.933036 0.144751 0.595755 0.30374 0.171017 0.736895 
0.586785 0.83527 0.627553 0.90943 0.820221 0.118089 0.0667131 0.251542 
0.897308 0.907947 0.658506 0.84243 0.844477 0.258366 0.0256455 0.0553152 
0.575103 0.752775 0.625121 0.913389 0.73612 0.185121 0.125209 0.298498 
0.911634 0.814947 0.601428 0.848373 0.849894 0.266618 0.0429292 0.23522 
0.727917 0.768235 0.497238 0.774024 0.673613 0.2715 0.0876934 0.0207852 
0.677391 0.980097 0.43983 0.80667 0.760028 0.20643 0.16544 0.217155 
0.782617 0.845482 0.641503 0.948586 0.605146 0.215444 0.232127 0.083427 
0.755746 0.959599 0.62134 0.944793 0.606919 0.0896023 0.140459 0.0775451 
0.76359 0.816058 0.517137 0.88586 0.576957 0.17411 0.138501 0.219665 
0.610129 0.908006 0.568282 0.843517 0.605421 0.222888 0.19097 0.00816423 
0.357991 0.922828 0.411331 0.940093 0.107063 0.26793 0.346403 0.919215 
0.390456 0.992814 0.401777 0.979373 0.207422 0.240418 0.319218 0.844006 
0.427965 0.923512 0.467401 0.694424 0.234855 0.236433 0.240506 0.858911 
0.39574 0.866742 0.375643 0.874711 0.0646914 0.445626 0.317453 0.913233 
0.288542 0.854192 0.370043 0.98718 0.0926752 0.252165 0.417445 0.806581 
0.618527 0.821612 0.557762 0.948951 0.147886 0.232154 0.241962 0.847639 
0.34895 0.648869 0.44564 0.918024 0.0924417 0.275161 0.34387 0.872345 
0.2602 0.850887 0.428205 0.922161 0.0807232 0.393127 0.209022 0.923254 
0.334502 0.935084 0.246509 0.804284 0.0753962 0.213332 0.324691 0.755688 
0.343732 0.856161 0.45097 0.587417 0.0393505 0.257914 0.363087 0.835412 
0.446065 0.305644 0.935921 0.0852495 0.0113768 0.661835 0.241283 0.583187 
0.544267 0.339021 0.819594 0.0127027 0.128399 0.766026 0.288103 0.513922 
0.287085 0.288252 0.712619 0.0168731 0.0254986 0.677178 0.292559 0.461309 
0.575157 0.316578 0.613005 0.0724218 0.0652308 0.684612 0.300104 0.609746 
0.374779 0.581043 0.843082 0.0890375 0.0590846 0.846966 0.22118 0.562695 
0.353699 0.0914978 0.796164 0.00783126 0.0896868 0.696911 0.272099 0.563663 
0.366701 0.406689 0.892888 0.151364 0.032483 0.714027 0.0804396 0.687852 
0.368036 0.142317 0.797879 0.168649 0.139457 0.694952 0.266015 0.647177 
0.443296 0.392814 0.7435 0.28602 0.0494448 0.714028 0.20018 0.672484 
0.488648 0.260788 0.82977 0.128042 0.205109 0.871084 0.186935 0.592365 
0.498478 0.706522 0.101768 0.732666 0.906069 0.276551 0.246652 0.736337 
0.568551 0.686987 0.0363478 0.725588 0.949795 0.521578 0.368499 0.921251 
0.473218 0.933128 0.181835 0.791026 0.867922 0.334926 0.375619 0.733826 
0.472236 0.778085 0.00128106 0.852557 0.862331 0.540258 0.425992 0.748158 
0.532921 0.616951 0.187636 0.667505 0.891778 0.274166 0.319849 0.771587 
0.635958 0.691595 0.0994959 0.583008 0.866354 0.404902 0.317639 0.892777 
0.455303 0.799382 0.125552 0.661896 0.910301 0.606442 0.279188 0.783491 
0.40374 0.727816 0.227651 0.802601 0.989129 0.435932 0.429393 0.755788 
0.394447 0.892214 0.0312526 0.846812 0.795089 0.3782 0.218856 0.685348 
0.293694 0.841343 0.0487777 0.721918 0.780618 0.298798 0.264604 0.879066 
0.248683 0.472664 0.612025 0.300156 0.279625 0.808376 0.842482 0.399138 
0.351483 0.472213 0.62949 0.448898 0.292497 0.775938 0.854164 0.227885 
0.452549 0.4757 0.57461 0.309546 0.312368 0.758933 0.690753 0.220416 
0.372958 0.27263 0.627332 0.392593 0.219839 0.690675 0.697273 0.419547 
0.427001 0.514995 0.435195 0.484666 0.301428 0.850616 0.630392 0.446884 
0.24523 0.585527 0.463724 0.472002 0.259185 0.80167 0.656611 0.307851 
0.45624 0.505554 0.598648 0.444057 0.242905 0.973286 0.742958 0.444394 
0.50422 0.449308 0.422584 0.344646 0.318309 0.886418 0.646425 0.405877 
0.375635 0.367774 0.665366 0.380478 0.286864 0.870447 0.576024 0.27032 
0.304328 0.599658 0.684319 0.385517 0.383551 0.791127 0.763736 0.45206 
0.127674 0.583037 0.527847 0.0843615 0.486144 0.119632 0.547796 0.451138 
0.103567 0.506048 0.517731 0.148996 0.370879 0.121163 0.678526 0.436327 
0.109558 0.457091 0.559037 0.102229 0.403187 0.0472158 0.544339 0.164318 
0.223343 0.656405 0.406335 0.0608963 0.257873 0.193985 0.621163 0.16406 
0.216326 0.406727 0.442917 0.200731 0.522631 0.162895 0.69516 0.301406 
0.306083 0.498996 0.341743 0.142443 0.411833 0.296055 0.529643 0.226972 
0.155257 0.606696 0.564943 0.282139 0.375424 0.122639 0.708508 0.194125 
0.111153 0.57367 0.257249 0.149388 0.356408 0.216156 0.621637 0.160913 
0.280408 0.636837 0.489601 0.18138 0.590371 0.161395 0.508505 0.293546 
0.0910255 0.48089 0.531166 0.132096 0.495859 0.334948 0.539227 0.421518 
0.310955 0.855053 0.361522 0.236296 0.82561 0.740505 0.15176 0.405596 
0.319006 0.669108 0.36954 0.148513 0.843802 0.665957 0.242748 0.431131 
0.428876 0.82269 0.264352 0.184825 0.907373 0.780147 0.342314 0.472273 
0.514756 0.721615 0.358449 0.252989 0.835685 0.61248 0.186433 0.394797 
0.472869 0.874766 0.297252 0.233255 0.789772 0.862337 0.164671 0.522561 
0.496116 0.922065 0.388599 0.0691232 0.831833 0.801107 0.278844 0.354937 
0.292781 0.770502 0.215091 0.245459 0.776578 0.850935 0.266231 0.404584 
0.201434 0.917464 0.413934 0.171348 0.828894 0.833768 0.17878 0.481538 
0.352723 0.773178 0.538801 0.256074 0.902739 0.769259 0.0488713 0.517369 
0.437079 0.901352 0.444854 0.130015 0.858581 0.604995 0.0947205 0.487151 
0.650263 0.22796 0.0995245 0.323848 0.496521 0.890453 0.937433 0.0250876 
0.546544 0.137641 0.0511743 0.256648 0.594295 0.987773 0.957341 0.296344 
0.418985 0.175024 0.185409 0.273508 0.703653 0.910978 0.770366 0.0976619 
0.649516 0.0173349 0.152401 0.250474 0.362239 0.930257 0.866505 0.196137 
0.67238 0.122131 0.117456 0.0606119 0.63312 0.832524 0.987151 0.196677 
0.740645 0.025941 0.190001 0.146732 0.571566 0.757017 0.830348 0.0596634 
0.492396 0.212884 0.239972 0.286606 0.451714 0.9739 0.732651 0.253386 
0.57734 0.227587 0.159914 0.333979 0.4526 0.961357 0.795038 0.331346 
0.748764 0.324355 0.170002 0.22056 0.642042 0.81915 0.866311 0.105103 
0.371703 0.0693167 0.0293213 0.246565 0.481184 0.899055 0.88475 0.230714 
0.349779 0.426406 0.506067 0.612862 0.0852669 0.218548 0.0608187 0.523205 
0.43574 0.454745 0.564588 0.448754 0.0660937 0.270017 0.0421598 0.597056 
0.26258 0.565363 0.610433 0.718847 0.273085 0.234043 0.12919 0.559767 
0.222405 0.410006 0.587674 0.40088 0.0847081 0.268164 0.0723471 0.671678 
0.37664 0.454479 0.570107 0.441132 0.0551809 0.46235 0.137174 0.66855 
0.323239 0.37801 0.396744 0.646517 0.3665 0.203427 0.0617448 0.69056 
0.428875 0.668014 0.51798 0.606389 0.10129 0.491032 0.104691 0.644672 
0.256883 0.500375 0.514338 0.758841 0.297044 0.365518 0.0630677 0.776229 
0.14107 0.435554 0.42904 0.592639 0.0985524 0.0870714 0.0754259 0.641007 
0.271445 0.554996 0.513502 0.461622 0.358282 0.459183 0.15884 0.583199 
0.71427 0.437551 0.710352 0.777784 0.0496182 0.890447 0.228173 0.639996 
0.740118 0.576991 0.711584 0.577725 0.118331 0.819943 0.0828973 0.616156 
0.853738 0.657519 0.814203 0.667046 0.222116 0.758749 0.179487 0.523099 
0.722917 0.460832 0.871127 0.7697 0.136344 0.848003 0.107132 0.432181 
0.783114 0.577135 0.738945 0.853077 0.233118 0.899054 0.230444 0.629387 
0.758368 0.534531 0.813719 0.785058 0.0116536 0.832406 0.0786538 0.729271 
0.822522 0.652731 0.800546 0.638142 0.243339 0.761181 0.309593 0.57475 
0.783546 0.44992 0.851441 0.647496 0.133201 0.677947 0.0979793 0.502657 
0.620697 0.663466 0.88721 0.758295 0.0597871 0.84109 0.198438 0.688134 
0.670808 0.350546 0.759098 0.618454 0.102191 0.948776 0.304306 0.61052 
0.611886 0.354537 0.592145 0.146419 0.23782 0.929251 0.980486 0.536616 
0.589914 0.310632 0.455955 0.242771 0.124304 0.974527 0.840438 0.708347 
0.525961 0.380038 0.572003 0.255675 0.344379 0.999527 0.724142 0.692788 
0.401016 0.319394 0.468291 0.255535 0.303413 0.871534 0.820594 0.555978 
0.512558 0.220771 0.558111 0.385346 0.0358646 0.992612 0.810276 0.519017 
0.526075 0.103348 0.494629 0.229968 0.23203 0.96932 0.892883 0.688835 
0.663799 0.388644 0.57655 0.169951 0.0301794 0.903406 0.770317 0.673642 
0.261838 0.391299 0.719652 0.234911 0.0490183 0.997664 0.842839 0.653413 
0.651996 0.483259 0.582628 0.365096 0.351942 0.934667 0.813499 0.72997 
0.494059 0.594845 0.717948 0.355514 0.249128 0.896556 0.82961 0.556066 
0.381239 0.782483 0.677113 0.639099 0.828018 0.307374 0.474414 0.853196 
0.364561 0.707066 0.657008 0.562434 0.975873 0.224175 0.510896 0.842156 
0.3387 0.781685 0.680068 0.475594 0.927979 0.238883 0.449876 0.851951 
0.400434 0.844149 0.521966 0.795098 0.982888 0.202177 0.471343 0.931602 
0.495494 0.668157 0.555198 0.707433 0.95536 0.314561 0.598228 0.896131 
0.501246 0.74889 0.477224 0.54416 0.973809 0.417234 0.446381 0.943913 
0.338432 0.727332 0.739729 0.815224 0.95863 0.325567 0.579303 0.920397 
0.385003 0.841007 0.523185 0.724706 0.824244 0.160801 0.389605 0.823146 
0.253139 0.596367 0.629304 0.729635 0.80814 0.199007 0.423137 0.896461 
0.182246 0.760006 0.702133 0.608003 0.937854 0.472353 0.407389 0.872804 
0.843991 0.347732 0.92038 0.503134 0.212214 0.190332 0.112408 0.669626 
0.750421 0.353343 0.858871 0.650031 0.133942 0.108798 0.13291 0.571643 
0.677562 0.401791 0.851277 0.634754 0.141386 0.0115621 0.0826849 0.569716 
0.639988 0.407033 0.913525 0.490355 0.0400036 0.241861 0.26687 0.505982 
0.692575 0.396545 0.713617 0.513229 0.142862 0.0476548 0.220398 0.658598 
0.69454 0.124036 0.909283 0.359675 0.137856 0.0563125 0.171579 0.525816 
0.508445 0.377035 0.851902 0.505815 0.155493 0.231758 0.258142 0.561586 
0.662248 0.574537 0.868625 0.37433 0.222488 0.103591 0.26635 0.663303 
0.601343 0.181147 0.796152 0.34406 0.0891071 0.0777858 0.102066 0.588552 
0.740322 0.459705 0.796675 0.442618 0.313221 0.146577 0.0654043 0.520408 
0.208178 0.927482 0.708672 0.65762 0.066702 0.00378991 0.829412 0.131398 
0.132001 0.878561 0.757982 0.641158 0.181456 0.140016 0.594415 0.209066 
0.257223 0.811794 0.661634 0.427177 0.352968 0.093047 0.740558 0.189585 
0.353147 0.927551 0.874296 0.616987 0.0754417 0.0356046 0.62725 0.150748 
0.292441 0.812858 0.638755 0.472804 0.234693 0.0823535 0.817951 0.314697 
0.0921112 0.96035 0.679448 0.487296 0.233918 0.150612 0.984273 0.0564653 
0.198857 0.850569 0.592049 0.520353 0.386466 0.0242276 0.897051 0.192815 
0.150908 0.907182 0.802836 0.730306 0.0385374 0.170109 0.938826 0.132 
0.172284 0.93355 0.77476 0.48713 0.373373 0.22561 0.70045 0.259109 
0.364278 0.944901 0.651808 0.623391 0.151991 0.243501 0.963371 0.174251 
0.792217 0.656126 0.947162 0.0912756 0.937481 0.393577 0.765275 0.54532 
0.985058 0.609958 0.992305 0.0915321 0.996993 0.442125 0.826134 0.434422 
0.98569 0.801097 0.815127 0.141145 0.96345 0.388512 0.591427 0.525287 
0.768806 0.823519 0.836063 0.0942242 0.906399 0.219499 0.770621 0.550625 
0.896565 0.928355 0.977101 0.020135 0.798852 0.209873 0.674214 0.504103 
0.979556 0.654346 0.945242 0.267031 0.953069 0.445641 0.621561 0.329986 
0.973795 0.88938 0.950879 0.16922 0.990045 0.134012 0.799863 0.482437 
0.806284 0.726892 0.903253 0.319371 0.919556 0.415409 0.753077 0.347444 
0.851171 0.716453 0.869882 0.0663814 0.718983 0.269215 0.761625 0.261904 
0.787412 0.614452 0.771642 0.195097 0.874604 0.426045 0.748765 0.452965 
0.72562 0.461378 0.154879 0.923478 0.10908 0.175165 0.894331 0.584747 
0.693183 0.417152 0.0515711 0.854881 0.0285157 0.153639 0.819217 0.574228 
0.617711 0.573796 0.148931 0.921287 0.146958 0.170768 0.883995 0.723349 
0.722365 0.599197 0.135636 0.79769 0.00748863 0.162975 0.851629 0.559667 
0.895634 0.385173 0.0229967 0.92822 0.114423 0.114107 0.780781 0.81247 
0.536546 0.426901 0.0534019 0.869096 0.0771094 0.201646 0.740414 0.571087 
0.762929 0.445096 0.00332285 0.780085 0.253668 0.0345536 0.722254 0.752001 
0.610865 0.517451 0.239559 0.854238 0.209309 0.109502 0.6802 0.748344 
0.720526 0.491416 0.00201698 0.894837 0.180996 0.0592841 0.690369 0.399644 
0.661401 0.739562 0.0227543 0.823354 0.0765775 0.0311299 0.687283 0.596099 
0.205074 0.205335 0.574006 0.789284 0.221014 0.910945 0.168774 0.0879395 
0.132021 0.157193 0.53073 0.848062 0.167979 0.887673 0.156625 0.06941 
0.249756 0.220718 0.48096 0.761014 0.187365 0.910232 0.255575 0.268906 
0.0789774 0.190793 0.487865 0.946021 0.270163 0.825511 0.142067 0.154507 
0.152112 0.137973 0.628307 0.906654 0.276995 0.806661 0.285993 0.202295 
0.179196 0.257926 0.54482 0.775148 0.250168 0.733395 0.269399 0.0361461 
0.227248 0.245651 0.394512 0.72455 0.342974 0.856937 0.326749 0.22323 
0.101992 0.137698 0.586548 0.797619 0.369828 0.733063 0.159286 0.276449 
0.135358 0.0869889 0.591042 0.605931 0.371466 0.857406 0.223568 0.217107 
0.140027 0.290203 0.410475 0.741324 0.314856 0.938836 0.318567 0.0108103 
0.662185 0.474124 0.543944 0.194341 0.392193 0.281324 0.729192 0.23703 
0.778415 0.500353 0.476183 0.0263638 0.375668 0.487351 0.736661 0.291353 
0.701817 0.524599 0.654329 0.147497 0.618783 0.487449 0.779326 0.266254 
0.726166 0.530563 0.556835 0.2154 0.28717 0.407261 0.817492 0.244308 
0.823855 0.487297 0.657523 0.221299 0.499356 0.439539 0.813116 0.259852 
0.722507 0.39875 0.409001 0.107147 0.39801 0.397012 0.585069 0.226449 
0.608957 0.580283 0.427851 0.186068 0.54 0.581078 0.702977 0.231671 
0.637891 0.459822 0.399559 0.0599296 0.646647 0.312354 0.717669 0.194877 
0.670641 0.57221 0.377898 0.119261 0.427683 0.292394 0.850675 0.41507 
0.664482 0.485454 0.608744 0.224534 0.290499 0.389831 0.664547 0.233286 
0.361353 0.0859166 0.0990567 0.758512 0.727993 0.947073 0.310495 0.211921 
0.279073 0.132427 0.0483276 0.851568 0.829254 0.959999 0.121905 0.133901 
0.357056 0.0831673 0.123456 0.672277 0.879428 0.901343 0.257907 0.422102 
0.206845 0.146635 0.0125004 0.722502 0.919267 0.839632 0.135388 0.423142 
0.340016 0.113674 0.0280972 0.89255 0.943389 0.779647 0.154144 0.286158 
0.154893 0.0435437 0.276322 0.762209 0.865135 0.970071 0.233128 0.406074 
0.111887 0.117595 0.0542828 0.650407 0.731357 0.982292 0.324903 0.487575 
0.299121 0.310078 0.0886101 0.754787 0.770097 0.998138 0.346009 0.267384 
0.357326 0.141312 0.0368668 0.486228 0.886425 0.951809 0.342783 0.179951 
0.49296 0.00938758 0.0997916 0.569685 0.910383 0.89942 0.21866 0.378782 
0.0265695 0.410277 0.813451 0.0677293 0.376695 0.342124 0.100806 0.937355 
0.0974127 0.504854 0.881473 0.150514 0.473247 0.000740109 0.189489 0.849145 
0.0607089 0.457258 0.711425 0.0235305 0.611302 0.206645 0.205725 0.774906 
0.0297471 0.34551 0.731673 0.115347 0.44835 0.389593 0.160862 0.814687 
0.132265 0.550128 0.842935 0.269017 0.589664 0.123542 0.050031 0.72345 
0.103958 0.463135 0.995446 0.216512 0.693734 0.102159 0.188708 0.814279 
0.129606 0.548618 0.84383 0.0762436 0.501565 0.201904 0.296466 0.986876 
0.155517 0.154657 0.987609 0.137182 0.453705 0.129113 0.0642949 0.867384 
0.0270758 0.291903 0.801289 0.15538 0.257966 0.0199368 0.0214735 0.863613 
0.0261651 0.461365 0.655507 0.0359024 0.347905 0.0515746 0.00548557 0.765303 
0.586148 0.513525 0.646236 0.140232 0.646396 0.863438 0.714348 0.1262 
0.83839 0.44297 0.572243 0.127907 0.555106 0.913198 0.771026 0.170375 
0.807162 0.502101 0.704987 0.0384088 0.794192 0.864809 0.635135 0.0508229 
0.798861 0.420046 0.613603 0.207328 0.553646 0.991887 0.683861 0.108758 
0.76954 0.513043 0.858283 0.0118254 0.665344 0.932043 0.841757 0.391392 
0.63847 0.346451 0.669877 0.190788 0.505901 0.929922 0.757969 0.12806 
0.628828 0.497716 0.870826 0.16703 0.566565 0.744179 0.545417 0.129833 
0.640051 0.408064 0.821315 0.107112 0.415671 0.933032 0.574597 0.0403263 
0.726834 0.619212 0.66077 0.00801025 0.357381 0.825168 0.629938 0.229481 
0.715078 0.632554 0.92569 0.104226 0.456372 0.963169 0.599451 0.358343 
0.363575 0.402064 0.915866 0.576132 0.971109 0.617359 0.126235 0.00404755 
0.425798 0.238063 0.883045 0.656417 0.884052 0.587955 0.153263 0.0388873 
0.336272 0.29428 0.753778 0.593246 0.848148 0.534714 0.236675 0.0574164 
0.438915 0.20198 0.762121 0.537812 0.943621 0.532427 0.228338 0.14463 
0.294057 0.39723 0.871279 0.517066 0.994645 0.667762 0.0896421 0.0280065 
0.449446 0.201753 0.844191 0.352478 0.93217 0.449901 0.139175 0.186804 
0.532571 0.224237 0.909353 0.454582 0.987701 0.33772 0.0737738 0.0328486 
0.458882 0.301457 0.981138 0.34538 0.826366 0.656951 0.413902 0.0450209 
0.160713 0.232973 0.998991 0.503976 0.972101 0.447428 0.322422 0.108188 
0.423326 0.320951 0.740202 0.474001 0.685098 0.549385 0.122446 0.116879 
0.779943 0.0793449 0.514699 0.104219 0.150085 0.190034 0.459749 0.405836 
0.811526 0.2638 0.647859 0.100084 0.0158014 0.0518353 0.577597 0.315548 
0.795864 0.0663415 0.539734 0.0647766 0.224519 0.228201 0.69764 0.380572 
0.892993 0.294064 0.469821 0.156525 0.147003 0.288109 0.556511 0.516281 
0.846223 0.184564 0.654676 0.221494 0.0422576 0.259149 0.694699 0.269605 
0.98178 0.278934 0.450492 0.196522 0.0811134 0.295622 0.53455 0.362548 
0.770937 0.240613 0.561965 0.2175 0.151512 0.0454051 0.541158 0.374854 
0.757459 0.155256 0.531745 0.0788593 0.0187342 0.432024 0.628388 0.458202 
0.794408 0.195996 0.777336 0.0023102 0.162054 0.252365 0.713502 0.417646 
0.993705 0.274743 0.54432 0.0071805 0.312994 0.213255 0.563959 0.40034 
0.564435 0.130999 0.111877 0.371675 0.37257 0.358882 0.389874 0.396893 
0.491406 0.0801507 0.197429 0.404026 0.532201 0.18949 0.352438 0.48174 
0.53638 0.160353 0.105788 0.429901 0.427872 0.234851 0.177424 0.650421 
0.494493 0.370912 0.0960174 0.441193 0.417668 0.193477 0.240583 0.617786 
0.410444 0.329381 0.0715741 0.41697 0.443919 0.199622 0.448036 0.594493 
0.664662 0.232683 0.1493 0.390573 0.358755 0.248919 0.280248 0.370787 
0.445247 0.139919 0.0873791 0.455997 0.511649 0.116985 0.130294 0.395612 
0.495308 0.052492 0.0198844 0.594205 0.437455 0.0976422 0.27169 0.425321 
0.481559 0.269517 0.109787 0.64457 0.613782 0.295662 0.257628 0.377433 
0.460833 0.260296 0.12176 0.407759 0.312506 0.141114 0.370222 0.578715 
0.0231011 0.817584 0.681131 0.534519 0.210157 0.93113 0.900241 0.423528 
0.130642 0.766336 0.435997 0.527534 0.255049 0.970035 0.827339 0.370705 
0.131593 0.528757 0.536637 0.508451 0.215776 0.88119 0.967559 0.332859 
0.137366 0.861793 0.67591 0.559618 0.219958 0.958508 0.931072 0.379931 
0.163719 0.749427 0.607294 0.599609 0.0801073 0.791541 0.737391 0.560657 
0.0547749 0.596099 0.516478 0.396885 0.161645 0.89851 0.712737 0.411769 
0.118381 0.864709 0.476673 0.610493 0.283671 0.934142 0.795095 0.403311 
0.111878 0.587171 0.502079 0.622149 0.366798 0.908662 0.91719 0.347167 
0.218652 0.741015 0.498895 0.701551 0.160506 0.809931 0.803032 0.313267 
0.284361 0.583962 0.662152 0.585829 0.191682 0.789655 0.819245 0.301867 
0.122821 0.599579 0.234584 0.974427 0.622071 0.815222 0.406527 0.255055 
0.226697 0.9039 0.233946 0.931575 0.673674 0.820281 0.434585 0.256892 
0.100941 0.763714 0.158421 0.897889 0.709732 0.893761 0.63675 0.157408 
0.040248 0.650505 0.075237 0.946218 0.731065 0.780493 0.524787 0.261307 
0.187889 0.674884 0.151783 0.860106 0.6738 0.91896 0.324399 0.148174 
0.0763793 0.851458 0.0617903 0.785717 0.704913 0.931372 0.509546 0.179949 
0.0556002 0.904273 0.0339315 0.934224 0.58729 0.76811 0.490162 0.26499 
0.287654 0.736499 0.127677 0.954189 0.664573 0.898735 0.572467 0.146684 
0.0970559 0.86924 0.386284 0.825701 0.696003 0.747029 0.550514 0.228848 
0.108772 0.6762 0.146203 0.754761 0.73249 0.762898 0.593254 0.154521 
0.952956 0.230412 0.655615 0.192241 0.777188 0.626543 0.164154 0.984493 
0.949389 0.178464 0.779837 0.178434 0.52751 0.534276 0.206664 0.891758 
0.956745 0.161949 0.844006 0.132952 0.5737 0.689777 0.282194 0.783025 
0.921675 0.0413753 0.895588 0.15176 0.815014 0.626443 0.31681 0.918294 
0.90987 0.0219077 0.529074 0.267641 0.747649 0.635309 0.112991 0.952226 
0.977235 0.0960603 0.749771 0.273686 0.657475 0.868284 0.308639 0.922681 
0.932796 0.0271545 0.905013 0.13811 0.637193 0.695082 0.403493 0.898882 
0.998221 0.307514 0.634935 0.12802 0.608786 0.53836 0.252019 0.806955 
0.978125 0.160555 0.590584 0.0102196 0.546723 0.765038 0.218204 0.834043 
0.911085 0.0185715 0.816211 0.225394 0.852477 0.809981 0.15019 0.961719 
0.41756 0.569049 0.662784 0.75103 0.27225 0.732468 0.87875 0.272452 
0.397781 0.507419 0.636857 0.890738 0.257023 0.70632 0.83127 0.0704089 
0.487959 0.541147 0.561379 0.700775 0.185567 0.848324 0.978319 0.164793 
0.315694 0.630213 0.466189 0.748043 0.200558 0.817802 0.864752 0.26235 
0.225676 0.470682 0.442652 0.744038 0.164908 0.874879 0.893538 0.0777987 
0.477499 0.636441 0.602804 0.740736 0.194961 0.908947 0.860922 0.0921027 
0.318303 0.397782 0.673445 0.741229 0.372394 0.918444 0.801001 0.165825 
0.433608 0.303159 0.671185 0.733659 0.263368 0.756161 0.9123 0.135872 
0.484915 0.509455 0.483228 0.706286 0.156345 0.693551 0.981327 0.13986 
0.284361 0.583962 0.662152 0.585829 0.191682 0.789655 0.819245 0.301867 
0.927422 0.227992 0.450415 0.664301 0.119999 0.936203 0.401639 0.164806 
0.975863 0.331495 0.510344 0.895477 0.122727 0.82864 0.318614 0.0781099 
0.982306 0.326581 0.321026 0.572379 0.0216863 0.972443 0.309107 0.133764 
0.723022 0.352702 0.574497 0.58345 0.0888298 0.925196 0.185997 0.186443 
0.849064 0.386186 0.549406 0.778337 0.0996306 0.718173 0.251823 0.289649 
0.879768 0.471788 0.398747 0.795211 0.228239 0.894737 0.181363 0.0449754 
0.917207 0.489665 0.504032 0.842084 0.235799 0.864254 0.368165 0.170036 
0.940506 0.380525 0.449506 0.815038 0.112109 0.99483 0.115308 0.394481 
0.934044 0.125719 0.489175 0.609823 0.0367696 0.880962 0.144152 0.199413 
0.775505 0.395607 0.535126 0.62823 0.133103 0.851385 0.0579244 0.0534341 
0.922334 0.120336 0.6809 0.598799 0.85949 0.723265 0.458437 0.783686 
0.894724 0.0401275 0.47883 0.658384 0.906713 0.798003 0.433589 0.69714 
0.923665 0.171775 0.670449 0.437389 0.988783 0.820663 0.575911 0.743891 
0.960248 0.0550395 0.477383 0.567126 0.785163 0.813819 0.62631 0.946597 
0.915621 0.184707 0.663784 0.527502 0.935017 0.808786 0.469177 0.981898 
0.983778 0.0999206 0.750342 0.755511 0.810897 0.812175 0.507917 0.678425 
0.794094 0.22837 0.685363 0.51371 0.855588 0.794373 0.547505 0.787942 
0.901954 0.209163 0.618956 0.511762 0.735809 0.883803 0.533849 0.669261 
0.965298 0.0348917 0.851942 0.680783 0.89692 0.88632 0.614627 0.798762 
0.824416 0.124744 0.478221 0.605327 0.753782 0.86059 0.570842 0.97046 
0.869122 0.661962 0.670464 0.613683 0.724753 0.553083 0.748721 0.223528 
0.904983 0.625261 0.705444 0.79898 0.719874 0.48162 0.662762 0.365622 
0.830498 0.711141 0.796985 0.683477 0.712599 0.668371 0.511565 0.194261 
0.960506 0.661808 0.57364 0.739297 0.683705 0.673036 0.589492 0.337124 
0.937308 0.541075 0.807849 0.678584 0.574807 0.681476 0.666816 0.285288 
0.927078 0.762163 0.778337 0.677358 0.705895 0.737052 0.642826 0.156774 
0.901619 0.637431 0.551927 0.697846 0.639059 0.499955 0.710276 0.333977 
0.902254 0.753568 0.87033 0.683706 0.84414 0.683465 0.589422 0.254808 
0.982888 0.697123 0.607313 0.593049 0.792482 0.536754 0.644952 0.104948 
0.907715 0.519908 0.632586 0.650336 0.801293 0.665787 0.647509 0.414395 
0.901833 0.845972 0.231413 0.0793077 0.209889 0.781648 0.205132 0.311159 
0.959932 0.886593 0.174407 0.0854462 0.360653 0.70258 0.0670427 0.271162 
0.796989 0.656709 0.166433 0.264443 0.257778 0.802696 0.118133 0.32228 
0.891149 0.78151 0.349732 0.158803 0.237276 0.867692 0.119544 0.26348 
0.822552 0.631401 0.263967 0.156648 0.254061 0.904535 0.0297329 0.332518 
0.967837 0.816437 0.184157 0.247579 0.401613 0.918277 0.0507594 0.364903 
0.881227 0.731404 0.34093 0.103523 0.138111 0.904525 0.104762 0.3448 
0.830363 0.843167 0.303282 0.195098 0.242502 0.942869 0.163846 0.212832 
0.697285 0.705603 0.103633 0.0266474 0.18488 0.835293 0.0913197 0.242646 
0.891847 0.855626 0.127035 0.073096 0.316017 0.751901 0.178851 0.565413 
0.787301 0.496814 0.707532 0.364006 0.224808 0.607226 0.0533039 0.759493 
0.777814 0.524789 0.764245 0.309953 0.27241 0.847814 0.0731515 0.760796 
0.790962 0.50259 0.671901 0.15261 0.169642 0.673626 0.0478753 0.878844 
0.877326 0.484378 0.694119 0.311256 0.252802 0.455035 0.0105525 0.671719 
0.826346 0.391138 0.620869 0.372895 0.422623 0.647818 0.0415597 0.817239 
0.887755 0.620994 0.620874 0.395402 0.408418 0.592261 0.0642608 0.60682 
0.807491 0.65173 0.669252 0.420703 0.470728 0.581616 0.109512 0.801756 
0.958413 0.681225 0.839782 0.247242 0.151029 0.687239 0.0926152 0.763789 
0.790226 0.537843 0.744544 0.161905 0.293251 0.454011 0.119829 0.858777 
0.818978 0.408797 0.839856 0.222951 0.348329 0.753811 0.000157703 0.602397 
0.364705 0.554653 0.0853992 0.704775 0.395638 0.527242 0.917904 0.454042 
0.471239 0.567787 0.182972 0.741838 0.410783 0.434538 0.866992 0.431156 
0.537918 0.599901 0.0211084 0.795526 0.474237 0.547076 0.900743 0.48332 
0.333048 0.751344 0.0802073 0.902027 0.300913 0.595433 0.811749 0.418084 
0.337825 0.655417 0.252769 0.783088 0.27691 0.385975 0.842146 0.475087 
0.333219 0.635712 0.191271 0.594753 0.214306 0.526424 0.845428 0.505608 
0.368326 0.816876 0.141753 0.77359 0.433032 0.669657 0.765258 0.519085 
0.412775 0.747897 0.0330198 0.770646 0.5699 0.362851 0.882078 0.50532 
0.409914 0.587551 0.14616 0.865441 0.332048 0.650701 0.805699 0.459534 
0.490642 0.650532 0.192215 0.630755 0.403256 0.451226 0.764749 0.298709 
0.973795 0.88938 0.950879 0.16922 0.990045 0.134012 0.799863 0.482437 
0.860945 0.818524 0.947645 0.305826 0.989642 0.148991 0.665777 0.402646 
0.88581 0.920889 0.964753 0.0886987 0.673283 0.255895 0.841835 0.410736 
0.806284 0.726892 0.903253 0.319371 0.919556 0.415409 0.753077 0.347444 
0.874254 0.92475 0.822335 0.366248 0.735175 0.174285 0.937541 0.43048 
0.970523 0.998256 0.974679 0.0415441 0.825195 0.219381 0.682222 0.291072 
0.993003 0.949465 0.75309 0.256011 0.953306 0.08026 0.693487 0.319641 
0.768806 0.823519 0.836063 0.0942242 0.906399 0.219499 0.770621 0.550625 
0.905582 0.829309 0.981292 0.313884 0.772005 0.246737 0.566205 0.31814 
0.993763 0.703776 0.872473 0.174384 0.645678 0.307787 0.88259 0.327581 
0.165598 0.266981 0.648341 0.263087 0.551728 0.0734682 0.100622 0.901943 
0.155517 0.154657 0.987609 0.137182 0.453705 0.129113 0.0642949 0.867384 
0.323091 0.31425 0.860613 0.205412 0.528119 0.0774022 0.150993 0.871416 
0.0265288 0.358569 0.741356 0.327797 0.681297 0.0180814 0.187572 0.927539 
0.116874 0.281102 0.756856 0.363047 0.425513 0.0157198 0.0501932 0.760918 
0.242622 0.306851 0.850952 0.189412 0.523326 0.0126898 0.336506 0.873655 
0.289257 0.00965833 0.889356 0.217835 0.38433 0.132003 0.122134 0.975832 
0.244384 0.180422 0.989056 0.320458 0.601114 0.0863163 0.327187 0.918858 
0.216657 0.111769 0.754188 0.470547 0.402916 0.0517577 0.153529 0.859913 
0.344837 0.0462395 0.69572 0.246144 0.606628 0.192609 0.0788488 0.943057 
0.351027 0.245229 0.437379 0.123779 0.493897 0.329005 0.631984 0.0932528 
0.343019 0.0250822 0.355755 0.143103 0.453667 0.303206 0.674495 0.0310416 
0.238758 0.232693 0.374662 0.156062 0.501391 0.464053 0.58665 0.0848549 
0.387547 0.0463959 0.413517 0.0687027 0.541014 0.28957 0.486996 0.108227 
0.444785 0.124392 0.339815 0.0562799 0.332018 0.447461 0.828887 0.115862 
0.384027 0.351196 0.42181 0.0807837 0.523292 0.485647 0.733939 0.181214 
0.408533 0.240746 0.360284 0.179002 0.602114 0.353865 0.497317 0.108427 
0.179499 0.0495021 0.384264 0.197954 0.581749 0.305369 0.790027 0.0347167 
0.532302 0.165185 0.520831 0.142978 0.650599 0.281377 0.653173 0.11698 
0.239618 0.189489 0.433031 0.215026 0.673224 0.509563 0.733176 0.0304232 
0.121026 0.455799 0.332837 0.492997 0.942355 0.224566 0.306629 0.63789 
0.0622781 0.476363 0.360993 0.522544 0.840659 0.167376 0.49178 0.745845 
0.0785523 0.502689 0.418201 0.602215 0.879551 0.124251 0.45196 0.660198 
0.140553 0.5362 0.567007 0.395427 0.956611 0.332514 0.323205 0.598115 
0.107329 0.639202 0.337668 0.402221 0.947412 0.326312 0.347117 0.511813 
0.182548 0.650148 0.526327 0.442918 0.923728 0.0232113 0.291169 0.691875 
0.272244 0.500624 0.468963 0.506557 0.873511 0.101087 0.368291 0.714734 
0.226231 0.407416 0.451278 0.553032 0.925931 0.229548 0.311402 0.731406 
0.142105 0.358791 0.351002 0.339156 0.921657 0.214379 0.201029 0.829552 
0.193021 0.454236 0.280266 0.182031 0.963146 0.271783 0.330946 0.629519 
0.736826 0.484719 0.784879 0.235696 0.898819 0.509928 0.170243 0.207703 
0.648806 0.723388 0.616887 0.262878 0.806615 0.32978 0.0820386 0.269793 
0.606013 0.420032 0.780838 0.377241 0.95959 0.345461 0.0139619 0.174296 
0.653269 0.579222 0.906347 0.353393 0.961703 0.302587 0.0827999 0.146145 
0.629122 0.589587 0.669993 0.208877 0.711089 0.601959 0.0587921 0.226832 
0.758783 0.589358 0.863564 0.420655 0.788592 0.259139 0.0527374 0.208962 
0.695576 0.494095 0.72869 0.354991 0.626888 0.262784 0.053008 0.154121 
0.64671 0.386642 0.660949 0.387451 0.751687 0.290305 0.0245275 0.220826 
0.80056 0.551958 0.713962 0.254582 0.703253 0.56299 0.0685123 0.157024 
0.745069 0.418615 0.680788 0.237983 0.635676 0.462845 0.120813 0.25336 
0.259536 0.993139 0.433278 0.193596 0.457505 0.561116 0.302264 0.434133 
0.088258 0.899483 0.272497 0.394829 0.375266 0.473452 0.1754 0.424651 
0.043249 0.968062 0.459398 0.340343 0.494747 0.471568 0.332559 0.503316 
0.245636 0.95796 0.116497 0.231427 0.336346 0.56028 0.3298 0.410439 
0.261041 0.759942 0.364639 0.219058 0.395907 0.598634 0.197158 0.361939 
0.239731 0.938997 0.380337 0.0920624 0.563068 0.493596 0.117033 0.499245 
0.226282 0.919195 0.337606 0.0501518 0.325043 0.581369 0.298012 0.348789 
0.281947 0.831465 0.262324 0.0673462 0.389011 0.479347 0.234928 0.581195 
0.191684 0.827218 0.397478 0.376457 0.518948 0.657846 0.316534 0.585763 
0.141767 0.87766 0.43538 0.275998 0.424851 0.766099 0.190439 0.522537 
0.354684 0.629632 0.624009 0.84379 0.424617 0.479818 0.589336 0.11962 
0.60067 0.694114 0.384576 0.933847 0.42438 0.518673 0.449465 0.0253491 
0.728554 0.649956 0.48965 0.80216 0.274089 0.559521 0.545858 0.0073853 
0.440838 0.756049 0.493614 0.806881 0.204598 0.50162 0.427657 0.0452934 
0.680875 0.535536 0.592591 0.6093 0.375701 0.408408 0.543013 0.014669 
0.668973 0.493345 0.672524 0.856693 0.398721 0.487307 0.523737 0.118879 
0.689392 0.75815 0.480946 0.678081 0.377755 0.546622 0.595286 0.161978 
0.631597 0.617825 0.508261 0.966087 0.308673 0.367112 0.519679 0.162187 
0.485046 0.666006 0.644647 0.724679 0.39399 0.451483 0.265939 0.0849005 
0.426975 0.771655 0.487913 0.95456 0.308787 0.415258 0.63873 0.0392412 
0.662316 0.596113 0.254729 0.445238 0.423627 0.3583 0.634302 0.856161 
0.649588 0.639416 0.169755 0.557777 0.475242 0.240738 0.712998 0.89538 
0.679983 0.565118 0.161935 0.520847 0.28785 0.479518 0.796595 0.824775 
0.658429 0.734926 0.192326 0.553253 0.295768 0.589374 0.625906 0.831524 
0.705255 0.679792 0.155078 0.388723 0.470432 0.42188 0.588949 0.954184 
0.551093 0.747817 0.247249 0.599496 0.459124 0.495793 0.683881 0.934918 
0.695041 0.555219 0.213001 0.633226 0.411528 0.508851 0.702323 0.77137 
0.578319 0.751485 0.227466 0.687853 0.48039 0.342741 0.652285 0.873338 
0.636274 0.766073 0.211356 0.520135 0.347613 0.580305 0.758799 0.969152 
0.818564 0.692175 0.320602 0.681764 0.365326 0.344063 0.764658 0.878804 
0.524809 0.354072 0.929195 0.660153 0.758457 0.843684 0.689225 0.756436 
0.496516 0.512611 0.861979 0.67177 0.524683 0.868145 0.688798 0.840981 
0.452893 0.477919 0.845619 0.542361 0.659704 0.875526 0.911749 0.697237 
0.548024 0.547893 0.956805 0.773879 0.627682 0.791002 0.807869 0.741877 
0.436602 0.278039 0.842996 0.610647 0.789106 0.879078 0.832054 0.71056 
0.305406 0.286545 0.922679 0.689002 0.564802 0.853898 0.951515 0.670088 
0.497781 0.435269 0.956178 0.70955 0.60709 0.896482 0.979326 0.788438 
0.335805 0.38248 0.94132 0.842304 0.634639 0.81145 0.814974 0.873797 
0.458106 0.376176 0.846289 0.79573 0.573796 0.756765 0.955986 0.800488 
0.317155 0.441425 0.961357 0.576118 0.659993 0.69427 0.849972 0.652228 
0.186385 0.313365 0.453175 0.508378 0.690875 0.696967 0.293019 0.93314 
0.276451 0.456219 0.508149 0.699627 0.823016 0.728674 0.250432 0.886087 
0.148064 0.302452 0.358125 0.609487 0.776361 0.512591 0.384133 0.926595 
0.2497 0.327967 0.59147 0.480988 0.728696 0.603989 0.268332 0.915343 
0.0502111 0.47807 0.410719 0.647825 0.645223 0.668575 0.372901 0.98375 
0.126971 0.42124 0.640268 0.74857 0.680919 0.638651 0.384504 0.991891 
0.237371 0.426523 0.534372 0.551665 0.81756 0.762787 0.434224 0.881277 
0.105767 0.341889 0.630635 0.785828 0.751574 0.670875 0.386891 0.844526 
0.209795 0.539985 0.493036 0.689611 0.65212 0.759138 0.220575 0.988919 
0.319509 0.441254 0.494244 0.578573 0.679286 0.795718 0.264578 0.996102 
0.89062 0.865312 0.360068 0.0119282 0.23618 0.434134 0.46861 0.669018 
0.954585 0.881186 0.157686 0.0923107 0.105558 0.407452 0.377494 0.544315 
0.883549 0.98586 0.233702 0.0219527 0.175272 0.19483 0.397109 0.683814 
0.857739 0.887551 0.389152 0.0284925 0.254833 0.328068 0.347155 0.660556 
0.987844 0.742204 0.231473 0.0782636 0.177427 0.608705 0.553995 0.689214 
0.917781 0.780164 0.159689 0.155489 0.272869 0.33969 0.641784 0.794625 
0.870227 0.830619 0.26228 0.174785 0.30161 0.587422 0.563991 0.602449 
0.957853 0.712964 0.236489 0.0495321 0.152841 0.595238 0.52272 0.704319 
0.930007 0.837667 0.178706 0.127089 0.37077 0.429393 0.31052 0.728017 
0.98464 0.697233 0.176889 0.121396 0.12765 0.390344 0.539779 0.527513 
0.811651 0.454521 0.260434 0.789855 0.674728 0.194935 0.70643 0.0345861 
0.808844 0.472714 0.0831524 0.818091 0.717988 0.12845 0.539424 0.0312313 
0.598799 0.451177 0.129256 0.715085 0.709005 0.354358 0.549482 0.115333 
0.832622 0.462634 0.133183 0.755638 0.896524 0.244906 0.77794 0.0850143 
0.794784 0.541386 0.219281 0.718984 0.649488 0.329073 0.729614 0.0537162 
0.676205 0.317651 0.0875341 0.708944 0.6634 0.148626 0.793094 0.059366 
0.667345 0.26811 0.195716 0.747601 0.746468 0.366771 0.672699 0.00162027 
0.666863 0.253108 0.226935 0.864444 0.803627 0.308062 0.599061 0.0632894 
0.849874 0.289241 0.225895 0.907058 0.781388 0.256556 0.663726 0.021706 
0.655536 0.434534 0.301416 0.62211 0.744959 0.332117 0.615201 0.0286275 
0.0968922 0.614769 0.189508 0.782748 0.665695 0.097085 0.90508 0.922632 
0.0212824 0.647202 0.108505 0.842443 0.798413 0.0106803 0.706073 0.841234 
0.0528192 0.673562 0.22664 0.863206 0.722206 0.0771176 0.718837 0.986897 
0.0268242 0.584575 0.186873 0.929361 0.609774 0.0504135 0.836574 0.634439 
0.0912578 0.801941 0.129677 0.70901 0.678147 0.153786 0.730135 0.904196 
0.014177 0.880777 0.176062 0.832647 0.738568 0.143493 0.854768 0.923485 
0.0902554 0.636598 0.0654079 0.827496 0.709684 0.0572462 0.730098 0.602798 
0.122447 0.556583 0.0807266 0.943965 0.43722 0.194155 0.693136 0.844991 
0.043225 0.674711 0.149731 0.78205 0.867126 0.00353812 0.878195 0.738802 
0.000821923 0.482085 0.0805409 0.974862 0.811329 0.149938 0.944397 0.751536 
0.90199 0.475715 0.29391 0.161953 0.381618 0.101613 0.899853 0.477711 
0.611499 0.413884 0.0726048 0.125753 0.503631 0.122734 0.73537 0.393527 
0.753271 0.587003 0.0308355 0.31764 0.572725 0.123234 0.900489 0.443861 
0.727198 0.663352 0.0176716 0.206374 0.5808 0.024379 0.849209 0.676364 
0.670788 0.542828 0.233558 0.0922918 0.297867 0.130236 0.910026 0.411968 
0.727785 0.415175 0.10227 0.0556971 0.648051 0.208043 0.935473 0.402714 
0.582214 0.545276 0.194001 0.259888 0.48232 0.104716 0.775486 0.621313 
0.896531 0.41972 0.121503 0.0964088 0.422938 0.205522 0.72486 0.630761 
0.594719 0.390757 0.0606607 0.0804709 0.574978 0.0622529 0.714793 0.400322 
0.849231 0.376327 0.185002 0.272398 0.420048 0.25179 0.857091 0.539329 
0.644185 0.277456 0.0151793 0.007827 0.519441 0.910884 0.524264 0.538378 
0.536339 0.234872 0.135386 0.118883 0.54087 0.73914 0.488147 0.57374 
0.668893 0.107739 0.236498 0.0124716 0.447204 0.881029 0.550362 0.664477 
0.475262 0.285374 0.152819 0.21594 0.501932 0.850215 0.455138 0.689195 
0.657515 0.19776 0.168471 0.0696497 0.285496 0.794771 0.571659 0.754832 
0.564812 0.0978358 0.0593994 0.138626 0.303004 0.989753 0.4243 0.682742 
0.589574 0.365409 0.267389 0.102423 0.545643 0.935231 0.609802 0.497707 
0.667609 0.32272 0.028023 0.0599005 0.564715 0.962226 0.59315 0.784555 
0.790931 0.193532 0.0950946 0.113487 0.558991 0.937997 0.435578 0.471601 
0.486453 0.152203 0.0357728 0.205938 0.411242 0.955444 0.61963 0.757771 
0.645252 0.209076 0.241051 0.688809 0.0249072 0.485481 0.268631 0.181615 
0.820677 0.322445 0.0806958 0.733055 0.0797271 0.473231 0.0887858 0.284432 
0.723086 0.225585 0.177955 0.673409 0.199513 0.247473 0.169081 0.284848 
0.645851 0.28451 0.109528 0.67557 0.204997 0.382713 0.143134 0.372714 
0.772218 0.366141 0.170883 0.630016 0.212491 0.301806 0.246772 0.267338 
0.855746 0.264913 0.0650557 0.67352 0.113171 0.525612 0.186061 0.0492363 
0.774876 0.196362 0.107031 0.850612 0.0806194 0.467716 0.218461 0.0828036 
0.65699 0.346666 0.0927932 0.789909 0.244916 0.289108 0.174278 0.256912 
0.706535 0.254139 0.0397739 0.719618 0.30899 0.373813 0.0837814 0.0743854 
0.683147 0.236555 0.111337 0.837765 0.23116 0.446563 0.0108687 0.197972 
0.16639 0.123111 0.602793 0.0764129 0.952741 0.594185 0.403375 0.152264 
0.12734 0.232088 0.47712 0.116553 0.912759 0.55502 0.481567 0.141159 
0.19449 0.0415414 0.639348 0.172639 0.824077 0.372597 0.576619 0.152364 
0.127317 0.0161218 0.729228 0.0655611 0.894428 0.332636 0.449409 0.157965 
0.012508 0.307525 0.697372 0.205113 0.965657 0.437504 0.510403 0.105255 
0.168063 0.15348 0.63238 0.341953 0.995911 0.506671 0.310416 0.113467 
0.101252 0.0717754 0.760153 0.356944 0.990446 0.453921 0.378511 0.134104 
0.00621221 0.00178748 0.516597 0.192955 0.984158 0.512912 0.236642 0.136284 
0.0711893 0.0313973 0.619734 0.217365 0.917565 0.216837 0.399609 0.0761013 
0.191663 0.0102946 0.67776 0.250777 0.936758 0.391753 0.310877 0.245902 
0.16839 0.218286 0.0624468 0.612584 0.327071 0.08761 0.507941 0.244698 
0.194364 0.377738 0.100075 0.531303 0.247684 0.0790457 0.583483 0.554114 
0.0917516 0.102469 0.0104126 0.51112 0.461784 0.021414 0.52425 0.553227 
0.229133 0.17032 0.0276658 0.516928 0.612154 0.00362309 0.555725 0.43699 
0.289522 0.150013 0.0492146 0.679266 0.386114 0.198971 0.513524 0.58473 
0.300096 0.0728457 0.0500808 0.673208 0.294031 0.0759988 0.399398 0.465917 
0.0980552 0.321297 0.0963328 0.725125 0.353431 0.0460117 0.352569 0.316262 
0.14246 0.484184 0.0183196 0.448776 0.42161 0.132366 0.561721 0.505539 
0.27025 0.311826 0.0309641 0.801317 0.485648 0.0371033 0.644916 0.459521 
0.0761154 0.163887 0.0724425 0.570853 0.512057 0.0727583 0.349759 0.595744 
0.0107481 0.0523397 0.622336 0.673687 0.365805 0.596136 0.75641 0.153275 
0.105978 0.140931 0.588518 0.721935 0.148264 0.375474 0.635415 0.235493 
0.0173848 0.163634 0.54883 0.781153 0.0618142 0.586624 0.605849 0.151104 
0.0551663 0.195362 0.490563 0.429374 0.199725 0.475214 0.684433 0.00529431 
0.019442 0.101301 0.520294 0.633742 0.0906058 0.646638 0.846697 0.000790111 
0.119267 0.162454 0.49243 0.541241 0.20904 0.719456 0.73384 0.129359 
0.0553053 0.113791 0.562294 0.400794 0.313731 0.536388 0.726254 0.156932 
0.0158631 0.137253 0.518556 0.474606 0.217577 0.516476 0.818181 0.255048 
0.0446123 0.205169 0.708203 0.907548 0.265025 0.552757 0.713636 0.0613158 
0.124226 0.272758 0.59639 0.809084 0.301938 0.636611 0.585665 0.151436 
0.734012 0.901702 0.250178 0.0166233 0.307028 0.235974 0.272669 0.211561 
0.681346 0.81988 0.135004 0.083651 0.492857 0.16264 0.300423 0.00627513 
0.745906 0.857035 0.295054 0.0434504 0.443896 0.308907 0.452272 0.0200579 
0.699303 0.860349 0.0589141 0.0850918 0.532085 0.0856049 0.42779 0.124896 
0.758633 0.824212 0.234976 0.0600456 0.131391 0.170064 0.492163 0.0522223 
0.703195 0.721776 0.32946 0.0865285 0.419209 0.2184 0.315823 0.165598 
0.795036 0.879274 0.163459 0.298121 0.402496 0.0969036 0.34737 0.00332268 
0.723138 0.873413 0.162443 0.310996 0.201356 0.14562 0.421058 0.154805 
0.861376 0.952745 0.244331 0.163013 0.267894 0.284167 0.19472 0.180465 
0.760756 0.852367 0.386285 0.0708365 0.462565 0.13253 0.356396 0.229841 
0.534528 0.583821 0.872343 0.897524 0.512716 0.954913 0.218287 0.927204 
0.460832 0.725278 0.819719 0.814932 0.581467 0.771047 0.406885 0.900718 
0.412665 0.497311 0.955541 0.645831 0.339437 0.903301 0.504016 0.944221 
0.139508 0.593583 0.947519 0.87244 0.510005 0.90335 0.450181 0.985824 
0.267278 0.779436 0.789139 0.821434 0.500015 0.888504 0.467038 0.983098 
0.461123 0.452476 0.954542 0.810614 0.443573 0.990257 0.25429 0.796037 
0.427301 0.775877 0.706251 0.823642 0.600309 0.988123 0.339524 0.996639 
0.267891 0.685587 0.731769 0.845387 0.509909 0.812477 0.382775 0.968804 
0.545698 0.598753 0.717553 0.797296 0.728168 0.920544 0.505775 0.973852 
0.32412 0.693439 0.955114 0.919325 0.319084 0.939899 0.41648 0.857971 
0.0648547 0.0315715 0.966156 0.211859 0.699707 0.68168 0.846187 0.920815 
0.168808 0.148841 0.855059 0.240034 0.675135 0.668632 0.791085 0.842866 
0.0595203 0.0523737 0.933707 0.295263 0.738799 0.807685 0.907724 0.935374 
0.0838373 0.237928 0.955059 0.11954 0.510735 0.60357 0.655924 0.929571 
0.045003 0.294534 0.864386 0.143372 0.675024 0.776857 0.596534 0.774984 
0.0133211 0.148582 0.938269 0.0760463 0.660703 0.579369 0.888219 0.771094 
0.116148 0.0423329 0.85984 0.20584 0.56557 0.66482 0.721568 0.734254 
0.217483 0.204397 0.880066 0.0164438 0.769893 0.714347 0.808509 0.980756 
0.128177 0.0757736 0.753385 0.235885 0.650487 0.551406 0.74876 0.974328 
0.00873199 0.367924 0.90764 0.276775 0.620165 0.733824 0.612982 0.942227 
0.126721 0.188699 0.373552 0.192629 0.381335 0.0491642 0.939544 0.0804662 
0.112733 0.0675008 0.621018 0.293156 0.441287 0.12084 0.85936 0.140703 
0.12711 0.101968 0.358095 0.273741 0.297305 0.141975 0.762655 0.151592 
0.105108 0.0621197 0.633747 0.224983 0.455749 0.191863 0.822347 0.117659 
0.223566 0.0262647 0.539971 0.332393 0.227857 0.149231 0.880731 0.00134743 
0.014233 0.0899658 0.56122 0.214991 0.569841 0.170508 0.87413 0.042189 
0.105073 0.0172335 0.216558 0.193354 0.425945 0.13779 0.92116 0.152639 
0.0460717 0.00227524 0.289222 0.0853326 0.367803 0.176844 0.750318 0.0691668 
0.172178 0.204817 0.520924 0.29163 0.175418 0.153742 0.90114 0.188638 
0.0652257 0.118435 0.417431 0.089551 0.282845 0.288312 0.768707 0.201479 
0.69439 0.869559 0.579357 0.0751701 0.303005 0.179959 0.640374 0.84217 
0.642642 0.913353 0.567587 0.134259 0.311343 0.181894 0.564452 0.731955 
0.770613 0.921488 0.589728 0.192594 0.382535 0.320813 0.712725 0.762769 
0.81292 0.966274 0.634209 0.196477 0.204972 0.246793 0.679129 0.636474 
0.609243 0.905198 0.768386 0.191074 0.316626 0.303954 0.836606 0.800384 
0.639523 0.921793 0.607253 0.207614 0.328515 0.405401 0.642263 0.689119 
0.75791 0.991968 0.682372 0.191062 0.295282 0.305182 0.92289 0.815146 
0.71034 0.832384 0.635372 0.259119 0.19746 0.0886619 0.770165 0.930908 
0.511336 0.855606 0.540127 0.277304 0.254043 0.265606 0.798183 0.779305 
0.553544 0.841935 0.527005 0.212676 0.243578 0.162866 0.543208 0.833557 
0.746097 0.430797 0.469735 0.775573 0.00855645 0.922117 0.645814 0.33948 
0.811649 0.297015 0.454447 0.780841 0.0489196 0.800628 0.715814 0.23484 
0.813037 0.437621 0.505174 0.711468 0.0468124 0.980973 0.498452 0.40005 
0.708626 0.191605 0.345576 0.622589 0.0218181 0.884931 0.718746 0.488123 
0.95499 0.1227 0.309282 0.64351 0.0291342 0.918519 0.562841 0.335762 
0.812981 0.340114 0.28601 0.695889 0.133234 0.765086 0.6611 0.582735 
0.96387 0.188323 0.304004 0.655999 0.132538 0.959706 0.708579 0.254259 
0.887641 0.390084 0.388143 0.449116 0.0504328 0.870463 0.530686 0.387855 
0.758061 0.212986 0.335063 0.730938 0.0973149 0.650567 0.688479 0.469747 
0.870817 0.352425 0.221981 0.617961 0.164383 0.784367 0.794549 0.413272 
0.109878 0.219354 0.116404 0.201127 0.568407 0.155793 0.743938 0.994958 
0.251145 0.220699 0.0151022 0.293283 0.48719 0.0275825 0.839384 0.805798 
0.1898 0.0881249 0.0211143 0.187459 0.661802 0.0984185 0.717822 0.856794 
0.11291 0.219542 0.126282 0.202793 0.589766 0.0909114 0.560969 0.830461 
0.115272 0.0316753 0.0257328 0.445555 0.683693 0.0386375 0.741067 0.942876 
0.0917839 0.287268 0.00387307 0.406865 0.654492 0.188836 0.81347 0.924178 
0.0276054 0.367854 0.072508 0.0954818 0.49093 0.00118839 0.560701 0.994353 
0.147329 0.10888 0.0565113 0.31201 0.611659 0.021463 0.41364 0.898018 
0.373431 0.113977 0.174017 0.262108 0.658421 0.104561 0.744875 0.932476 
0.0273674 0.222502 0.152249 0.460598 0.575266 0.0701853 0.893062 0.872432 
0.203283 0.508023 0.0170773 0.86306 0.56727 0.13217 0.663133 0.277036 
0.117072 0.655835 0.0242321 0.72249 0.617838 0.130331 0.684764 0.042825 
0.123515 0.641416 0.102654 0.695051 0.565234 0.318396 0.686623 0.079565 
0.0982519 0.456422 0.0445432 0.668027 0.550463 0.186677 0.432507 0.242126 
0.216227 0.420943 0.181514 0.893151 0.549547 0.202762 0.610368 0.011176 
0.190909 0.539815 0.153547 0.907176 0.695446 0.131453 0.72638 0.00227391 
0.201853 0.52709 0.0644892 0.851331 0.427097 0.293474 0.523797 0.211389 
0.194027 0.419165 0.0204984 0.776009 0.720142 0.0868612 0.843404 0.204715 
0.259612 0.609369 0.0688545 0.67836 0.511216 0.279965 0.785328 0.0777709 
0.137373 0.578675 0.195932 0.874451 0.606664 0.084247 0.775223 0.262744 
0.0978783 0.357264 0.463653 0.449905 0.283405 0.0977797 0.883119 0.459191 
0.0786667 0.422717 0.566488 0.673176 0.269842 0.225818 0.90142 0.524721 
0.144794 0.354722 0.755409 0.476067 0.305968 0.123528 0.69615 0.459681 
0.256729 0.380845 0.494653 0.425467 0.23928 0.0658837 0.779669 0.35992 
0.104587 0.433029 0.77223 0.520804 0.184315 0.0399243 0.86067 0.383003 
0.148942 0.419303 0.60545 0.557334 0.283072 0.166319 0.740952 0.26091 
0.0507366 0.254386 0.723022 0.696115 0.400879 0.0982873 0.857627 0.387276 
0.032126 0.38486 0.574506 0.398468 0.448813 0.0834965 0.908822 0.495787 
0.00412644 0.517026 0.544313 0.389759 0.243425 0.0112691 0.807377 0.404846 
0.0933272 0.428713 0.656957 0.641506 0.194277 0.180739 0.634713 0.578733 
0.540335 0.464068 0.838596 0.494359 0.982211 0.798687 0.867468 0.564931 
0.479457 0.552701 0.789636 0.216591 0.819395 0.981932 0.794549 0.554786 
0.451533 0.614887 0.708599 0.431558 0.931797 0.771068 0.756417 0.62183 
0.585429 0.571109 0.910594 0.320025 0.965651 0.910892 0.759193 0.656808 
0.471365 0.581934 0.730976 0.439407 0.796898 0.898035 0.969892 0.489239 
0.527601 0.566601 0.619021 0.460757 0.948335 0.99373 0.79522 0.640045 
0.471189 0.506493 0.744728 0.503292 0.837865 0.941988 0.865085 0.39611 
0.560687 0.651419 0.794865 0.15003 0.944271 0.998533 0.861515 0.58357 
0.458588 0.545758 0.634792 0.350462 0.686894 0.857897 0.793974 0.576435 
0.569867 0.563688 0.689568 0.503757 0.966197 0.934979 0.97613 0.672804 
0.930247 0.756267 0.0867858 0.461553 0.411695 0.164842 0.0116453 0.571232 
0.933345 0.734089 0.0370522 0.440865 0.396826 0.103264 0.225141 0.67369 
0.792031 0.722832 0.0849118 0.342334 0.257974 0.190332 0.0484297 0.70582 
0.987865 0.805963 0.24864 0.382437 0.494576 0.0878854 0.0109207 0.717216 
0.942117 0.926279 0.0728566 0.535144 0.320246 0.0493372 0.0363064 0.541716 
0.880181 0.759218 0.203146 0.22682 0.279226 0.0802801 0.0734334 0.583226 
0.908548 0.593009 0.0667822 0.487517 0.256359 0.314578 0.0470286 0.72267 
0.950018 0.779121 0.192557 0.304752 0.547167 0.286018 0.0091851 0.644059 
0.946448 0.869441 0.168684 0.451678 0.303879 0.337412 0.0904221 0.580295 
0.918083 0.634475 0.20276 0.485924 0.281769 0.21713 0.194734 0.549922 
0.376841 0.825003 0.864685 0.335081 0.170502 0.786735 0.68372 0.711951 
0.483773 0.938198 0.823795 0.66086 0.0505681 0.919169 0.70306 0.73364 
0.163062 0.870259 0.930771 0.436258 0.089079 0.897644 0.68023 0.883115 
0.443823 0.689164 0.860422 0.501211 0.0652367 0.908164 0.755797 0.963666 
0.628056 0.767428 0.847059 0.447658 0.0411402 0.809254 0.680644 0.737913 
0.488815 0.902803 0.669609 0.500468 0.0506757 0.779484 0.809784 0.865516 
0.475401 0.791672 0.90234 0.320789 0.151243 0.92296 0.812463 0.9401 
0.351666 0.892689 0.861824 0.197159 0.0079898 0.923814 0.688948 0.890401 
0.489461 0.931347 0.952864 0.393457 0.0683676 0.760782 0.787738 0.96168 
0.333772 0.864585 0.775789 0.474683 0.168369 0.769686 0.886043 0.881238 
0.284222 0.617468 0.793947 0.440565 0.0924268 0.01439 0.318212 0.072196 
0.393716 0.416955 0.981487 0.422507 0.194614 0.0669772 0.270413 0.1324 
0.460746 0.519065 0.652902 0.561224 0.056702 0.0546253 0.252839 0.0989222 
0.478381 0.362676 0.844736 0.431563 0.168955 0.155381 0.141998 0.0718417 
0.391262 0.322732 0.949116 0.462602 0.182834 0.203614 0.228542 0.0604244 
0.428543 0.631909 0.99356 0.530546 0.243891 0.0462813 0.229864 0.165291 
0.228071 0.493465 0.761524 0.557136 0.0719241 0.251042 0.369126 0.0165273 
0.307857 0.496322 0.739139 0.727007 0.0818274 0.045086 0.210856 0.196698 
0.277289 0.51488 0.884389 0.566234 0.0913457 0.142869 0.127243 0.308398 
0.395463 0.532157 0.612008 0.497504 0.138846 0.108379 0.117856 0.0731857 
0.678079 0.74114 0.768393 0.361317 0.804901 0.724974 0.526931 0.146291 
0.572415 0.817538 0.70864 0.260772 0.818493 0.70145 0.547421 0.0185497 
0.555802 0.835318 0.960796 0.38566 0.885314 0.741262 0.670033 0.137094 
0.528614 0.685068 0.660791 0.359943 0.819625 0.7091 0.623029 0.0490652 
0.660141 0.828587 0.893025 0.442198 0.748306 0.748442 0.719526 0.0215738 
0.866282 0.646463 0.909104 0.28206 0.919283 0.87331 0.606023 0.0891868 
0.827561 0.644136 0.879813 0.228747 0.920657 0.691637 0.746697 0.12207 
0.88509 0.77598 0.879226 0.350557 0.812682 0.833249 0.681018 0.0487486 
0.502751 0.842233 0.815394 0.344113 0.879629 0.747876 0.567478 0.228942 
0.477474 0.789367 0.956165 0.204114 0.96073 0.69513 0.678757 0.0801067 
0.30319 0.328804 0.790618 0.456634 0.0445479 0.862545 0.465908 0.862907 
0.208986 0.325077 0.797986 0.443945 0.156219 0.888001 0.468855 0.726847 
0.276343 0.353889 0.710015 0.59334 0.0465177 0.908875 0.353495 0.903783 
0.281905 0.286569 0.885719 0.606302 0.149957 0.856998 0.450698 0.83935 
0.2466 0.380396 0.858479 0.580493 0.130436 0.755709 0.587375 0.823369 
0.325969 0.275981 0.856107 0.611645 0.157891 0.711995 0.41133 0.919708 
0.314033 0.319576 0.752769 0.438515 0.12088 0.908651 0.392745 0.626964 
0.253764 0.351376 0.651626 0.288355 0.183852 0.7115 0.400412 0.812646 
0.194527 0.332098 0.791251 0.592013 0.0519563 0.990115 0.333704 0.760341 
0.337985 0.411027 0.722702 0.549372 0.00591808 0.857232 0.545756 0.664049 
0.933789 0.237707 0.377834 0.415149 0.297926 0.257221 0.829417 0.875569 
0.971681 0.404476 0.380613 0.373021 0.232256 0.389725 0.713995 0.81717 
0.857427 0.375233 0.422311 0.605164 0.23428 0.367246 0.953831 0.773966 
0.8238 0.371329 0.519912 0.626126 0.212299 0.281641 0.755154 0.996783 
0.93971 0.522569 0.272994 0.568328 0.245942 0.358614 0.718338 0.89126 
0.92375 0.265162 0.249025 0.739111 0.186292 0.392857 0.704956 0.871106 
0.962952 0.522516 0.357665 0.585053 0.286614 0.243626 0.848502 0.86556 
0.845429 0.421757 0.267108 0.615964 0.274284 0.513749 0.811295 0.812081 
0.945281 0.265155 0.345498 0.769396 0.261476 0.472388 0.643362 0.838835 
0.755931 0.383351 0.394341 0.655628 0.13028 0.407015 0.804432 0.9278 
0.96738 0.527946 0.40572 0.0982416 0.82158 0.450222 0.131811 0.23268 
0.938335 0.442078 0.464168 0.132033 0.676505 0.546875 0.133954 0.191641 
0.929027 0.656129 0.296382 0.109947 0.802183 0.637132 0.0514541 0.155895 
0.895211 0.668536 0.209452 0.203824 0.786514 0.453248 0.100081 0.214762 
0.863531 0.503069 0.244807 0.372711 0.680225 0.56381 0.0421181 0.309454 
0.914238 0.558877 0.311437 0.319432 0.82944 0.386985 0.132056 0.0777498 
0.883409 0.741192 0.431439 0.127238 0.885438 0.485373 0.00642361 0.326556 
0.931909 0.408041 0.581116 0.182006 0.881705 0.61451 0.0624674 0.182895 
0.93545 0.430291 0.400599 0.198455 0.776034 0.368074 0.0360651 0.489041 
0.853996 0.653102 0.580225 0.208533 0.641886 0.523909 0.114704 0.138821 
0.234222 0.830535 0.435506 0.268864 0.813944 0.494339 0.943875 0.145685 
0.415286 0.806127 0.686582 0.346197 0.641928 0.413064 0.923201 0.259742 
0.415602 0.815262 0.416935 0.408156 0.711542 0.459416 0.975009 0.22522 
0.333942 0.824699 0.5536 0.248195 0.822404 0.29013 0.938596 0.0599771 
0.244878 0.602398 0.480425 0.194679 0.678216 0.398168 0.909454 0.155602 
0.362479 0.744087 0.614487 0.411692 0.683856 0.61603 0.989278 0.123609 
0.290184 0.877978 0.401163 0.208516 0.605743 0.357703 0.991282 0.284006 
0.191237 0.885228 0.397069 0.399644 0.735057 0.359303 0.945916 0.148896 
0.42226 0.84481 0.502732 0.284578 0.613477 0.210902 0.923678 0.203891 
0.182139 0.578251 0.683139 0.270308 0.77915 0.282074 0.940188 0.208844 
0.482297 0.959484 0.922648 0.916767 0.864765 0.500271 0.432171 0.518765 
0.409738 0.897244 0.946035 0.99629 0.746673 0.330273 0.357759 0.615904 
0.375283 0.776157 0.834532 0.978091 0.789601 0.234115 0.46773 0.57879 
0.643564 0.912769 0.802476 0.909861 0.826512 0.337271 0.513111 0.448282 
0.466628 0.662686 0.799088 0.940356 0.828361 0.382255 0.404821 0.443881 
0.388601 0.786635 0.986363 0.801985 0.892887 0.382279 0.654024 0.437767 
0.343461 0.884635 0.802329 0.926182 0.589191 0.328211 0.481714 0.49319 
0.281012 0.91803 0.887665 0.929065 0.628535 0.447062 0.514848 0.407434 
0.516224 0.893091 0.941716 0.931998 0.820545 0.41774 0.248961 0.414465 
0.306197 0.688147 0.859689 0.860144 0.782377 0.434808 0.437513 0.393348 
0.229205 0.0836408 0.492131 0.420129 0.0435838 0.496804 0.905129 0.408663 
0.279218 0.0492863 0.544219 0.505294 0.041249 0.511091 0.766707 0.56965 
0.266255 0.212085 0.500905 0.497708 0.182031 0.528561 0.90839 0.681174 
0.173276 0.112576 0.478326 0.610946 0.0191267 0.329162 0.96251 0.429285 
0.413889 0.0819557 0.604168 0.459902 0.0855794 0.369421 0.918343 0.690825 
0.287924 0.10546 0.460895 0.330196 0.168255 0.42171 0.897201 0.43527 
0.114139 0.0370976 0.6872 0.560091 0.15241 0.576785 0.967502 0.513233 
0.109954 0.0366425 0.578747 0.488224 0.109852 0.413376 0.974582 0.798708 
0.140107 0.152145 0.554504 0.635356 0.25497 0.300373 0.885013 0.497484 
0.229047 0.147498 0.369157 0.466501 0.187368 0.574125 0.963696 0.378856 
0.790556 0.093189 0.38154 0.758411 0.586939 0.0950108 0.583225 0.729155 
0.659708 0.108249 0.210133 0.777325 0.831303 0.212203 0.526412 0.762692 
0.606505 0.183378 0.342876 0.878746 0.797633 0.236176 0.679679 0.886003 
0.808487 0.0837609 0.419647 0.868112 0.825969 0.306188 0.557188 0.682154 
0.817126 0.162325 0.463866 0.925874 0.698486 0.150628 0.463935 0.744025 
0.547422 0.0997828 0.224203 0.843967 0.772264 0.270394 0.657256 0.722199 
0.835076 0.166036 0.492699 0.80601 0.718969 0.199712 0.441112 0.758105 
0.651008 0.0878413 0.361658 0.716702 0.742791 0.0390801 0.500722 0.75562 
0.65662 0.0770144 0.271734 0.827388 0.866038 0.0841804 0.625459 0.716686 
0.706829 0.240807 0.269682 0.944596 0.714174 0.154976 0.678426 0.660342 
0.742263 0.948172 0.416782 0.0344137 0.261603 0.201954 0.8836 0.873342 
0.782633 0.8616 0.408696 0.122947 0.134398 0.176014 0.763332 0.723244 
0.70129 0.769946 0.427611 0.0904024 0.150168 0.266265 0.982272 0.812556 
0.65662 0.864094 0.313468 0.153783 0.344843 0.0649636 0.9365 0.930778 
0.81105 0.954179 0.388252 0.0490908 0.18219 0.38554 0.80087 0.787125 
0.851839 0.806459 0.398033 0.215937 0.126936 0.191128 0.823012 0.790361 
0.69439 0.869559 0.579357 0.0751701 0.303005 0.179959 0.640374 0.84217 
0.771403 0.771466 0.352771 0.260848 0.324234 0.11543 0.889126 0.842128 
0.813492 0.894132 0.461573 0.186002 0.427377 0.269837 0.810364 0.936753 
0.605862 0.85416 0.410232 0.0750247 0.132811 0.293504 0.662631 0.847362 
0.745582 0.312837 0.474593 0.0159315 0.111323 0.35206 0.310952 0.0478315 
0.838692 0.48364 0.382018 0.139201 0.08042 0.463448 0.29433 0.0512291 
0.813099 0.372694 0.548695 0.0726199 0.258042 0.230029 0.240144 0.0588127 
0.844859 0.409283 0.399838 0.037682 0.122693 0.399382 0.11405 0.121262 
0.97574 0.411657 0.284418 0.208637 0.0373994 0.381426 0.284305 0.0802942 
0.785464 0.300023 0.59633 0.18476 0.140194 0.177953 0.220557 0.11018 
0.939314 0.242217 0.631266 0.12324 0.0251086 0.197125 0.242643 0.0734478 
0.976787 0.233855 0.257649 0.161982 0.0568014 0.371158 0.180303 0.0592029 
0.958025 0.263811 0.416445 0.132384 0.319966 0.222665 0.292084 0.102961 
0.848163 0.500088 0.423087 0.332816 0.060192 0.374637 0.244494 0.0405565 
0.25544 0.199552 0.609956 0.204771 0.683161 0.332945 0.0735664 0.299916 
0.0733719 0.0299772 0.494867 0.23445 0.658579 0.415149 0.241425 0.00347309 
0.27906 0.147719 0.599712 0.225693 0.848902 0.290017 0.0577671 0.33248 
0.317954 0.204245 0.640724 0.202057 0.623379 0.326557 0.199876 0.0858369 
0.429703 0.0569215 0.586386 0.251233 0.840491 0.302125 0.0568558 0.230686 
0.258472 0.128577 0.575034 0.118275 0.728524 0.310357 0.249484 0.012989 
0.132351 0.0629116 0.662909 0.343474 0.533285 0.337257 0.281615 0.114426 
0.156025 0.0873108 0.379489 0.109934 0.825821 0.335506 0.0139256 0.177265 
0.0825507 0.0947669 0.546915 0.239605 0.978843 0.463933 0.0589734 0.141511 
0.236314 0.0468904 0.762559 0.05601 0.742964 0.327362 0.151628 0.156404 
0.756831 0.679927 0.586516 0.00361614 0.648841 0.0639916 0.188363 0.380139 
0.774744 0.699616 0.478731 0.114387 0.731488 0.138762 0.178437 0.266575 
0.688907 0.756086 0.391662 0.00116532 0.807726 0.215356 0.157042 0.513809 
0.783219 0.808893 0.581706 0.205896 0.7822 0.00787532 0.14398 0.392009 
0.783888 0.670269 0.375847 0.164898 0.729706 0.25951 0.256281 0.314671 
0.799208 0.582958 0.309752 0.248568 0.889887 0.107383 0.144376 0.501863 
0.620854 0.765216 0.46606 0.216693 0.674836 0.129805 0.155596 0.486547 
0.799645 0.557845 0.522528 0.0885555 0.909444 0.0586712 0.00379291 0.421018 
0.828098 0.517886 0.429825 0.199683 0.93459 0.201884 0.203536 0.578973 
0.878976 0.688007 0.458346 0.0002574 0.760221 0.208896 0.413658 0.543701 
0.897924 0.0315645 0.605552 0.7961 0.502902 0.280547 0.831469 0.0854059 
0.852339 0.0289627 0.652306 0.777229 0.296576 0.273598 0.968104 0.165403 
0.787741 0.0816996 0.691794 0.725966 0.422405 0.200807 0.735465 0.081111 
0.856493 0.130589 0.588991 0.640275 0.514691 0.0986709 0.894124 0.154105 
0.686772 0.135169 0.590595 0.98336 0.344908 0.163889 0.915248 0.110345 
0.679093 0.216286 0.619792 0.697743 0.504816 0.0857022 0.910492 0.1771 
0.828071 0.00848351 0.545264 0.725294 0.29523 0.0712129 0.9678 0.133896 
0.941445 0.128409 0.410863 0.788791 0.393293 0.0580583 0.909354 0.279729 
0.825912 0.0979055 0.446375 0.818328 0.519432 0.185514 0.782535 0.426146 
0.850097 0.207012 0.61303 0.901832 0.377175 0.0203159 0.944774 0.308153 
0.857278 0.442177 0.758086 0.937764 0.497402 0.751987 0.668707 0.869786 
0.778203 0.62688 0.848951 0.862868 0.643161 0.867452 0.683927 0.736562 
0.820134 0.623279 0.805181 0.848862 0.755902 0.919917 0.570668 0.828186 
0.828104 0.418192 0.708591 0.89479 0.425832 0.937763 0.755709 0.839258 
0.785672 0.447345 0.535257 0.957252 0.740807 0.961069 0.568769 0.854957 
0.804456 0.45666 0.94922 0.921203 0.532334 0.996318 0.613381 0.924833 
0.773036 0.695407 0.903261 0.832058 0.615121 0.810033 0.627441 0.83624 
0.73988 0.378963 0.658944 0.988159 0.776603 0.914028 0.853223 0.870162 
0.727497 0.389839 0.765392 0.994292 0.650477 0.770948 0.781524 0.695206 
0.971903 0.732018 0.875527 0.871288 0.679835 0.797091 0.620182 0.793712 
0.949451 0.0129802 0.21929 0.765766 0.41994 0.947228 0.0884884 0.275342 
0.874005 0.199521 0.0923745 0.763516 0.536717 0.957667 0.063637 0.0687223 
0.871955 0.214365 0.293627 0.781835 0.431936 0.967073 0.166576 0.0621755 
0.971998 0.143084 0.163314 0.923465 0.576853 0.953785 0.263564 0.052843 
0.891068 0.0257944 0.0479271 0.964757 0.56071 0.983062 0.15013 0.194104 
0.992713 0.171689 0.132682 0.652855 0.652197 0.888096 0.31447 0.213232 
0.899357 0.221812 0.197906 0.847344 0.657944 0.822944 0.0308708 0.200277 
0.790538 0.28694 0.096506 0.848266 0.58151 0.977542 0.269827 0.3052 
0.862949 0.0955409 0.0444722 0.740494 0.447072 0.812212 0.149333 0.388623 
0.950589 0.0533283 0.235875 0.760063 0.311444 0.980377 0.366607 0.203023 
0.571092 0.389989 0.602568 0.395183 0.195568 0.0974985 0.140805 0.241951 
0.519679 0.385538 0.567379 0.348081 0.000873291 0.179463 0.0340384 0.280724 
0.800637 0.373778 0.698825 0.429644 0.204235 0.248986 0.0031152 0.303366 
0.634449 0.468038 0.469106 0.451672 0.127975 0.157765 0.204544 0.372909 
0.754797 0.430802 0.59138 0.388513 0.184018 0.00895284 0.202879 0.280541 
0.690093 0.418688 0.660489 0.485418 0.23637 0.168271 0.212965 0.351599 
0.626531 0.332823 0.598434 0.601621 0.00721575 0.0390918 0.0530255 0.282461 
0.521815 0.367054 0.661601 0.41091 0.0345425 0.0275946 0.0901992 0.279576 
0.764701 0.241242 0.550227 0.383138 0.0759957 0.214846 0.149673 0.516638 
0.728075 0.152188 0.428565 0.429403 0.174043 0.121187 0.0355467 0.387461 
0.0927509 0.578376 0.254652 0.928167 0.780773 0.369243 0.917597 0.413045 
0.0492276 0.37804 0.211982 0.954707 0.788581 0.567601 0.798984 0.62308 
0.108616 0.390366 0.0888681 0.714429 0.777713 0.391535 0.975766 0.584187 
0.0837002 0.389462 0.205816 0.82368 0.755653 0.432404 0.701025 0.582519 
0.122044 0.582965 0.092922 0.719681 0.825101 0.572033 0.934798 0.622303 
0.139865 0.697487 0.230313 0.863877 0.862425 0.46394 0.905344 0.639191 
0.113673 0.520205 0.0571848 0.843859 0.752274 0.624258 0.835296 0.455282 
0.113966 0.704187 0.233335 0.870488 0.698357 0.522775 0.879566 0.551646 
0.0987841 0.408041 0.194348 0.719236 0.766779 0.318487 0.936101 0.7269 
0.014375 0.352912 0.467819 0.928854 0.80788 0.412664 0.862322 0.453153 
0.923861 0.545523 0.320089 0.648835 0.359057 0.106262 0.53008 0.933336 
0.971438 0.691992 0.372589 0.909937 0.302997 0.140871 0.573634 0.767934 
0.795853 0.746671 0.250468 0.84161 0.500741 0.196238 0.701859 0.973791 
0.915768 0.643803 0.395966 0.901477 0.288012 0.114363 0.531565 0.734601 
0.94032 0.599525 0.404311 0.678817 0.450008 0.0411896 0.411078 0.92704 
0.776465 0.846303 0.289999 0.895216 0.489867 0.168486 0.506481 0.840578 
0.780595 0.775034 0.434056 0.778667 0.2628 0.0429659 0.440144 0.893966 
0.718393 0.595543 0.224253 0.65744 0.354013 0.042798 0.494146 0.834278 
0.764528 0.644106 0.294818 0.908333 0.272831 0.300782 0.486268 0.880077 
0.95838 0.802622 0.262669 0.727201 0.438327 0.147213 0.79026 0.936302 
