5 100
0.12778618212463455 0.2787247055413885 0.019192871729034944 0.6799782723229949 0.45351975894706686
0.23946435659793375 0.3583508978594304 0.8691160373005021 0.23125329961327246 0.8677573124680078
0.425298513078164 0.6867992396277917 0.6416327145993778 0.1290651503761321 0.4894857409961991
0.3967580196478071 0.2324953439641495 0.6734495847862203 0.6572099505363614 0.5649288239810479
0.8521342460223131 0.9087820621666216 0.06321666110006496 0.3286135321218422 0.4818073239784667
0.2848769175090802 0.30373776121240337 0.37945760450871213 0.6757576594479041 0.6076976529876622
0.24645522646090645 0.019339986251963315 0.18419931403885836 0.7676395447165151 0.22779452224157637
0.19185649714897213 0.2767061123620279 0.40581886120115795 0.9679639681883828 0.49604481109126264
0.5654033978286203 0.2990248654112393 0.762991788872503 0.35104190063684537 0.196134431770269
0.6609456239914538 0.7607461236876825 0.5308270618173992 0.583860613720899 0.2892538562654847
0.6915037974474012 0.5403637659621399 0.07031725741966477 0.2157959234061918 0.35896880529635267
0.0458088514310554 0.5501623246328218 0.15564554159569666 0.20741489159162196 0.6573280177818172
0.8671912817999695 0.6387025854099735 0.43407294462386903 0.19304675029003138 0.8292622196404975
0.7985562791357559 0.5912557004684263 0.9828458354638526 0.05391598753526072 0.2815609389655518
0.9107936858305126 0.3044899287286702 0.5051527638468843 0.7200178377991772 0.054825854787922235
0.8470685776699581 0.5515288096565184 0.724797685192551 0.06824670689997869 0.43074728913460814
0.810259255535627 0.6148827451750177 0.6468587422640293 0.6948363334657395 0.044303560948977805
0.2337311519534142 0.24724573465067978 0.5940557664717717 0.007777901462917125 0.7439350723152947
0.6475193847048871 0.3321379967838679 0.9094514701621673 0.82981375580374 0.192797094242513
0.1319966039428606 0.18151425520444964 0.5556167844199495 0.3821731290674214 0.9934853260370015
0.6383546359931264 0.693568953043912 0.46707939848817304 0.3878660827889642 0.8211933915917841
0.988603957070432 0.2166240391385591 0.0018539466330621535 0.2941652473574933 0.8756585183151951
0.2421284463636667 0.5000577877059181 0.6190781027327161 0.22210353276475547 0.06823230280066672
0.7599785627647515 0.1175762934451442 0.3275438534512146 0.4213322127469219 0.8258070556870071
0.04366836022684373 0.7696233955229865 0.5877012045220571 0.027055436232528263 0.3443891475133227
0.552856935544392 0.7912793113796079 0.8486320769743648 0.16712938517723008 0.834699736109077
0.5885113877432195 0.13487432059329063 0.9600338915914468 0.13010435064189074 0.6267072983299768
0.49776262304661123 0.024127661978192938 0.7124692684017049 0.04178712898891801 0.7940430260181907
0.2600822119885644 0.6490658233067839 0.23912149273988348 0.021590064872557324 0.302715229189234
0.5357752650644553 0.8702383688276024 0.012810009113083165 0.38140730689535995 0.4206571013232311
0.23165492837028456 0.7099214343053033 0.4867011247836993 0.24962916657219802 0.6864669166818985
0.3954390456328155 0.02326025050284586 0.982175331666471 0.25349185906692673 0.03637403332540323
0.8621411539485399 0.48252603937820093 0.4016492036760013 0.5227715228311134 0.6586001405924418
0.5208135577872528 0.45597067996378704 0.39768345617802714 0.47217831769048735 0.3419886563648995
0.32053662360845514 0.7225951770255211 0.004036284476392482 0.7451045249840634 0.9721846146337998
0.25198320752461123 0.5784044121272504 0.28300782278248515 0.6803257900738189 0.8485693088772014
0.8983383665712925 0.31158855020731846 0.35048898218550373 0.4159479412999427 0.4246543381596499
0.6973617527706794 0.30950080077915176 0.2868673253577958 0.6266972632132579 0.14783268865328025
0.24209527429512623 0.028412135398843574 0.9178521667386423 0.1891604700264603 0.7455760413725228
0.731872292219447 0.39097279965427867 0.06386578937469145 0.3617841031830571 0.6661795028286829
0.30616730494162614 0.7261499460024967 0.10990942590369623 0.6237633951858411 0.4303135484360221
0.19725812813308174 0.3104417118637144 0.8852632242469325 0.82650506416964 0.5067928712668841
0.49004317066296477 0.06356834008013512 0.36560899212216913 0.650060391039678 0.25151277852104015
0.8571267651592128 0.9762283909051364 0.7109096634361183 0.9403911822886715 0.9321362039763305
0.4097946950091005 0.5697561924086451 0.29951402405848904 0.3403909416007034 0.42750506791460774
0.3080714085529298 0.7441880997682369 0.7364928759612748 0.6247772307981927 0.5326324039558056
0.9112553751141564 0.08601662462841986 0.45575756810562196 0.8204305597472452 0.6845759166516856
0.6848683647404121 0.19932610757803237 0.7820723838268036 0.8052199090118973 0.5432896406790748
0.18385413616925805 0.910370255332796 0.9682785641032979 0.5241965824723209 0.7188491258619151
0.6094436202102211 0.2899362048344809 0.2637052263609473 0.29776149596185786 0.700776882821892
0.0993765421030629 0.04145839466355028 0.3840234884904503 0.01313875724184288 0.2834603268040241
0.44009326731130716 0.7226590176228094 0.25859100382268896 0.11464879113565596 0.28701601232224283
0.20903748934151478 0.7701402605607894 0.47980252413899815 0.10539767439889358 0.008197613511036317
0.5873775502374085 0.451187235201321 0.09792294040407834 0.7512168135607692 0.6926126824542391
0.011356970008972622 0.49636134713674274 0.7705550703285532 0.35782541735407625 0.003176947336689495
0.14114178717164083 0.6537824802828761 0.23753754546478723 0.4637619345367996 0.03847374984048402
0.9354824729629974 0.04471106444813677 0.564597440918376 0.9562000949149589 0.02507980619949768
0.7698011833058449 0.6566131792956049 0.911680057644337 0.678464782185211 0.42003174008773825
0.06187357619535838 0.1169827979097513 0.8017484833968106 0.9130232063597492 0.9295396984063161
0.005770227854793641 0.9747296332704259 0.04465547832131067 0.5024759840755072 0.8894186301161547
0.1796992301095377 0.42375060891574523 0.5588064038111346 0.35200914072708234 0.2591713443356086
0.8455261861032144 0.9433244587673991 0.28687666093953224 0.18424341780721887 0.21694394829483576
0.8185729159413133 0.9735170006365914 0.13855809946293052 0.3242197088576798 0.1741914257527184
0.1312045618234663 0.4474899068942523 0.36291857089729296 0.7834525461192107 0.654008397984142
0.46054344323455776 0.5758518475605313 0.6758354001281981 0.6422131713239619 0.6920596355184052
0.21079168647057234 0.8057573979445093 0.5437771586523839 0.641275744043465 0.7828209226875965
0.548276116149122 0.21882979507917177 0.11189072450913795 0.07068646474837204 0.5012735473584612
0.1906854250623159 0.4802108228327985 0.32184086280135893 0.9835876280286413 0.42219687776747805
0.45383718628056813 0.678519108101467 0.26731428489869347 0.41127696238844447 0.5904945297443898
0.1748676328133253 0.3626824355109445 0.4769189311440549 0.16094712228561547 0.5918914407339196
0.3020454373657747 0.37384608220608706 0.33189683197370545 0.09474078814079001 0.5012502503345139
0.21454913072405957 0.15143525946860037 0.8525615317716365 0.06020008854998504 0.3607223841845235
0.9270261339151299 0.16233932117292826 0.25106365887065585 0.2694916105682247 0.4840645188675611
0.7584330997366996 0.0769093386934151 0.6517416271160663 0.6922521327160754 0.44921199446570426
0.038237374172320315 0.5677657158638262 0.3829590906544107 0.41714374219099326 0.30984282758295845
0.35811675907474383 0.1362370276402448 0.2365945615482492 0.20462224225498793 0.08959343153798016
0.14838423250018962 0.6018190388640116 0.05629754460785574 0.6000744067345225 0.3515638924389064
0.9026723918630697 0.720961589435662 0.1246494835579155 0.8506321777792408 0.2862661182046772
0.6427063698600389 0.24202972599081962 0.8672691136053191 0.8040796851983102 0.8094838764565067
0.3495725223145013 0.866742071169563 0.4200196101850363 0.21804487327266808 0.1713221617867976
0.3050260912446646 0.22467329324975005 0.41371702822026357 0.5858492500187129 0.8964047045460214
0.7602576869997085 0.09914400683485791 0.8367884648301285 0.7614768816594201 0.5919879690250849
0.8833323337330602 0.4288903759186836 0.3465687536256864 0.8413748169317282 0.16676967961270406
0.01876999129011503 0.6909627332660598 0.161430609958077 0.8529227751275484 0.5152543521037245
0.17947817404377198 0.6372274298137612 0.6811040892355125 0.8416076660269284 0.7416180630911777
0.3429922964978134 0.8262855998823193 0.2377115921863432 0.2651164986544763 0.9391030622334773
0.5538898062697295 0.7143572564288877 0.011419528050738315 0.4551245799820609 0.02528753818737317
0.9228906425172557 0.8979508951805821 0.7261429366038924 0.36852538242943267 0.6241817567654151
0.6645523131807536 0.9919471775504292 0.13414879692984116 0.8200404818176622 0.7786803909445216
0.2812457458570087 0.15102092690383928 0.2271555727664396 0.08626947733708623 0.6576330576513199
0.3402268123299199 0.3284534527508025 0.8672827836933568 0.6772394358642638 0.34311521608039874
0.6984781136231226 0.6809079868965826 0.16874281641609357 0.126658360937977 0.3885499007179877
0.4371276588830201 0.8678860621489821 0.32397528494851524 0.522692002610625 0.7711360169283678
0.5417242602555836 0.4617008906793949 0.827108108611186 0.19229220273413783 0.372859214919382
0.34664308697690394 0.7174616394607348 0.4933284529320503 0.3969629570514508 0.28917328014639354
0.9206494202726834 0.3124134948884164 0.6508221582630389 0.4606577200946842 0.46764169622698026
0.08322171515315635 0.8507658410588741 0.3580832293862284 0.9075508475301867 0.7640466525853662
0.44063745556050804 0.9360145757970004 0.5172829032744415 0.3067744564114443 0.3925174600464242
0.5683108611438819 0.16619563528676506 0.08093228942537256 0.24093838319140837 0.868263845439175
0.29777036686735525 0.2596429636041282 0.8095615570062438 0.2758184897391138 0.8190268477397911