0.255639 0.314745 
0.256082 0.315204 
0.256128 0.315287 
0.256281 0.314671 
0.256359 0.314578 
0.254789 0.315523 
0.254363 0.31501 
0.256457 0.313632 
0.255076 0.31349 
0.257115 0.315857 
0.92823 0.220045 
0.927861 0.220422 
0.929355 0.220656 
0.928492 0.218898 
0.929073 0.221493 
0.929934 0.219788 
0.929309 0.221599 
0.926902 0.22026 
0.927042 0.221033 
0.92838 0.221925 
0.519366 0.859283 
0.520656 0.858881 
0.519188 0.860141 
0.520165 0.858661 
0.519307 0.858914 
0.52124 0.85958 
0.520994 0.860392 
0.520559 0.861 
0.519835 0.85817 
0.520701 0.861228 
0.788191 0.354853 
0.788556 0.355396 
0.789134 0.354921 
0.7875 0.353672 
0.787045 0.354596 
0.788894 0.353566 
0.78824 0.353393 
0.789396 0.35524 
0.787775 0.353409 
0.787236 0.353565 
0.680804 0.449382 
0.68055 0.449798 
0.6801 0.449068 
0.680628 0.448457 
0.680968 0.450473 
0.681148 0.450461 
0.68101 0.448404 
0.679409 0.448844 
0.679137 0.44976 
0.679617 0.448362 
0.572321 0.747789 
0.571767 0.74725 
0.571571 0.747477 
0.572627 0.747521 
0.571473 0.747049 
0.573059 0.747961 
0.573332 0.74776 
0.572809 0.746507 
0.572123 0.745856 
0.571291 0.745712 
0.88956 0.420269 
0.890409 0.420609 
0.888745 0.419101 
0.890124 0.420864 
0.888388 0.419967 
0.890621 0.419084 
0.88895 0.42104 
0.889484 0.418468 
0.890677 0.418535 
0.887983 0.419237 
0.0835508 0.035959 
0.082767 0.0363668 
0.0817358 0.0358801 
0.0816335 0.0355029 
0.0840934 0.0351406 
0.0813363 0.0357075 
0.0844194 0.0362802 
0.0847525 0.0355267 
0.0812346 0.0338213 
0.0844725 0.0336713 
0.920041 0.501781 
0.920282 0.502052 
0.919869 0.501235 
0.919673 0.501101 
0.920519 0.502363 
0.920336 0.500841 
0.920776 0.502506 
0.920793 0.502798 
0.92038 0.503134 
0.918454 0.501869 
0.84747 0.209709 
0.846445 0.20928 
0.848635 0.209091 
0.846738 0.210446 
0.846746 0.210495 
0.846114 0.209325 
0.846115 0.209773 
0.848932 0.210068 
0.84668 0.207919 
0.845981 0.208395 
0.0118906 0.645022 
0.012092 0.645237 
0.012638 0.64403 
0.012101 0.64548 
0.012079 0.643757 
0.0112188 0.64453 
0.0131417 0.644526 
0.0130193 0.645413 
0.0134396 0.644368 
0.0132752 0.64537 
0.954265 0.729262 
0.954196 0.729624 
0.954102 0.729609 
0.955602 0.730223 
0.955081 0.728197 
0.955924 0.730033 
0.954613 0.727938 
0.956268 0.728988 
0.954467 0.727806 
0.955009 0.727766 
0.120137 0.739533 
0.12102 0.74035 
0.121128 0.740618 
0.121595 0.740244 
0.121741 0.739346 
0.119003 0.739777 
0.120181 0.738333 
0.121274 0.738305 
0.118804 0.740492 
0.120134 0.741865 
0.942905 0.13948 
0.94328 0.139747 
0.943255 0.138405 
0.94397 0.13867 
0.942127 0.139474 
0.943144 0.13782 
0.941951 0.138577 
0.941783 0.139296 
0.942829 0.140601 
0.943453 0.140721 
0.101621 0.0514367 
0.100722 0.0520532 
0.100523 0.0522313 
0.100235 0.0516907 
0.100118 0.0508556 
0.102748 0.0521779 
0.102892 0.0511315 
0.100656 0.052951 
0.102621 0.0526326 
0.102625 0.0502348 
0.871391 0.142794 
0.870196 0.141067 
0.870412 0.143356 
0.872005 0.142696 
0.872526 0.142186 
0.871285 0.140386 
0.870807 0.143988 
0.871079 0.140164 
0.86879 0.142981 
0.871691 0.144238 
0.380436 0.518535 
0.380823 0.519031 
0.380757 0.51961 
0.380315 0.517992 
0.380035 0.520644 
0.381002 0.520222 
0.38108 0.520289 
0.381565 0.519214 
0.378415 0.518472 
0.381342 0.520476 
0.295161 0.942149 
0.296924 0.943047 
0.296161 0.94415 
0.297 0.94309 
0.295094 0.944156 
0.294231 0.942526 
0.296462 0.94165 
0.297044 0.943563 
0.297192 0.942686 
0.297113 0.943559 
0.552171 0.0572131 
0.552164 0.0574709 
0.553883 0.0575978 
0.551534 0.0578669 
0.551331 0.0575842 
0.552281 0.0557273 
0.552797 0.0555392 
0.553474 0.0556536 
0.551139 0.0579831 
0.551136 0.0580684 
0.938724 0.955448 
0.937851 0.955343 
0.938994 0.955916 
0.939855 0.955461 
0.938722 0.953336 
0.938979 0.9533 
0.939576 0.956176 
0.939082 0.956423 
0.938151 0.956577 
0.940587 0.955649 
0.764437 0.402394 
0.763895 0.401665 
0.764346 0.402955 
0.763374 0.401583 
0.763659 0.402798 
0.76507 0.402588 
0.765261 0.401869 
0.76432 0.403065 
0.765536 0.402219 
0.762809 0.401805 
0.151976 0.691723 
0.149643 0.692366 
0.152272 0.691266 
0.149683 0.693306 
0.15093 0.69077 
0.152795 0.69184 
0.152765 0.6916 
0.149424 0.693095 
0.152823 0.693715 
0.151536 0.694536 
0.14616 0.865441 
0.145708 0.865766 
0.146941 0.864473 
0.145302 0.86554 
0.147943 0.865646 
0.145102 0.866042 
0.147411 0.864255 
0.146235 0.867448 
0.147474 0.86404 
0.148452 0.864922 
0.569033 0.136336 
0.569329 0.135524 
0.568983 0.13577 
0.569975 0.136929 
0.569112 0.135524 
0.570695 0.135928 
0.569593 0.137391 
0.570567 0.137175 
0.570264 0.137406 
0.569313 0.134894 
0.928291 0.0528837 
0.927633 0.053114 
0.928883 0.0524917 
0.927531 0.0530039 
0.928063 0.0521212 
0.927524 0.0531487 
0.92787 0.0536768 
0.927694 0.0544259 
0.929378 0.0514973 
0.929934 0.0521587 
0.337858 0.576106 
0.338639 0.575677 
0.338633 0.575104 
0.33685 0.575974 
0.33731 0.574546 
0.338457 0.577063 
0.339416 0.57588 
0.338933 0.576904 
0.336648 0.574562 
0.339251 0.57432 
0.817094 0.447019 
0.816755 0.446949 
0.816686 0.446977 
0.81777 0.446655 
0.817945 0.446479 
0.817697 0.445719 
0.816028 0.446336 
0.817513 0.447525 
0.817714 0.447415 
0.817331 0.44548 
0.205823 0.426817 
0.207066 0.426008 
0.206884 0.425509 
0.205058 0.426246 
0.206313 0.427191 
0.206143 0.427302 
0.205471 0.427347 
0.207139 0.427058 
0.207551 0.426561 
0.204384 0.426098 
0.358672 0.645459 
0.357581 0.646199 
0.357916 0.647347 
0.359049 0.647587 
0.359564 0.645634 
0.358484 0.645161 
0.357304 0.645755 
0.360213 0.646044 
0.358004 0.644865 
0.35821 0.644527 
0.10417 0.42599 
0.10378 0.426221 
0.103519 0.425787 
0.104652 0.426533 
0.104274 0.42683 
0.10462 0.425456 
0.102967 0.426929 
0.102508 0.426198 
0.104888 0.424555 
0.103914 0.424307 
0.164033 0.587401 
0.164214 0.587628 
0.164148 0.586743 
0.163818 0.586331 
0.163153 0.587177 
0.164008 0.588404 
0.163699 0.585893 
0.165055 0.586099 
0.162988 0.588297 
0.165701 0.586585 
0.134528 0.769665 
0.135761 0.769611 
0.135896 0.770002 
0.1343 0.770198 
0.135893 0.770274 
0.135935 0.770324 
0.134897 0.767966 
0.136434 0.769679 
0.133864 0.770197 
0.136442 0.768466 
0.632665 0.687332 
0.633972 0.687236 
0.634147 0.687287 
0.632355 0.686184 
0.632448 0.686089 
0.633556 0.685453 
0.63173 0.68817 
0.635192 0.687423 
0.634061 0.685238 
0.631132 0.687629 
0.466887 0.990152 
0.46684 0.989467 
0.467052 0.991071 
0.466028 0.989917 
0.467812 0.98947 
0.465942 0.990442 
0.466907 0.989069 
0.46686 0.991422 
0.466005 0.989566 
0.465722 0.989355 
0.605451 0.656381 
0.606148 0.654132 
0.604501 0.655911 
0.606072 0.653773 
0.60622 0.656734 
0.604936 0.656776 
0.607274 0.655695 
0.606458 0.656876 
0.606123 0.653213 
0.6074 0.656503 
0.612846 0.778608 
0.612775 0.78074 
0.613937 0.78003 
0.611823 0.778728 
0.613539 0.778048 
0.611201 0.779947 
0.611221 0.780713 
0.611371 0.778204 
0.611355 0.778072 
0.614979 0.779497 
0.46247 0.534225 
0.462257 0.534659 
0.461357 0.534466 
0.462604 0.534188 
0.460977 0.533543 
0.463193 0.534132 
0.46333 0.533694 
0.460326 0.534196 
0.463445 0.534708 
0.463175 0.533012 
0.041043 0.358236 
0.041395 0.357747 
0.0417541 0.358101 
0.0404095 0.358745 
0.0405469 0.357721 
0.0401812 0.358186 
0.0416959 0.357618 
0.0406323 0.357409 
0.0411909 0.357301 
0.0421686 0.357684 
0.718218 0.567518 
0.717774 0.567953 
0.71721 0.567397 
0.717823 0.568186 
0.718777 0.566577 
0.718855 0.56637 
0.718779 0.56628 
0.719181 0.567935 
0.717925 0.565698 
0.716895 0.566103 
0.390586 0.0177303 
0.389986 0.0174894 
0.391963 0.0177252 
0.390889 0.0186137 
0.390406 0.0158753 
0.392167 0.0164887 
0.391737 0.0188356 
0.389142 0.0167763 
0.389198 0.0164854 
0.392344 0.0161286 
0.133895 0.583989 
0.133915 0.584674 
0.134449 0.582875 
0.132878 0.584127 
0.135009 0.584049 
0.133096 0.584597 
0.135082 0.583729 
0.133333 0.582667 
0.134606 0.584976 
0.13426 0.582331 
0.885458 0.706443 
0.885592 0.706793 
0.884637 0.705371 
0.885682 0.70723 
0.88468 0.70705 
0.884146 0.706415 
0.883968 0.706259 
0.884306 0.704897 
0.883867 0.706146 
0.88375 0.704992 
0.478996 0.720165 
0.478863 0.720224 
0.478251 0.719413 
0.478081 0.719718 
0.478251 0.719022 
0.47903 0.718545 
0.479897 0.718488 
0.477194 0.720277 
0.480234 0.720722 
0.479573 0.721465 
0.047767 0.479424 
0.0478024 0.479516 
0.048192 0.479347 
0.0485542 0.478913 
0.0488479 0.478396 
0.0466043 0.479549 
0.0463065 0.478329 
0.048649 0.479757 
0.0491927 0.477821 
0.0480117 0.476731 
0.838461 0.669614 
0.838919 0.668597 
0.838241 0.668442 
0.838497 0.668209 
0.838342 0.670014 
0.838927 0.668074 
0.839838 0.668811 
0.838438 0.667539 
0.837064 0.669883 
0.839418 0.670792 
0.15917 0.874499 
0.158935 0.876177 
0.158363 0.876212 
0.157274 0.874442 
0.157311 0.875113 
0.159458 0.872704 
0.157473 0.875759 
0.15972 0.876586 
0.156955 0.874942 
0.158361 0.872505 
0.774391 0.281299 
0.774982 0.281831 
0.773885 0.281735 
0.774119 0.280663 
0.774511 0.280403 
0.773522 0.280977 
0.774825 0.279939 
0.773131 0.280936 
0.774368 0.279758 
0.774512 0.279703 
0.266426 0.989196 
0.266821 0.98885 
0.265966 0.989115 
0.266393 0.988048 
0.267689 0.988786 
0.266321 0.988033 
0.265815 0.990115 
0.267516 0.988274 
0.267247 0.988053 
0.265354 0.988683 
0.54621 0.473217 
0.545392 0.472217 
0.546605 0.473136 
0.545665 0.473971 
0.54473 0.473472 
0.545188 0.473939 
0.54682 0.473089 
0.544466 0.472581 
0.544683 0.473725 
0.544374 0.472371 
0.344947 0.0965206 
0.345429 0.0955108 
0.34564 0.0973762 
0.344708 0.0963697 
0.344704 0.0961773 
0.345399 0.0975172 
0.347113 0.0960494 
0.347256 0.0959085 
0.346427 0.0949232 
0.347206 0.0970812 
0.88123 0.793619 
0.882757 0.794633 
0.879782 0.794955 
0.880345 0.79366 
0.882832 0.79479 
0.882833 0.795046 
0.881848 0.793272 
0.880259 0.79619 
0.879644 0.795299 
0.882972 0.794726 
0.663171 0.095123 
0.663886 0.0945827 
0.664378 0.0958208 
0.663891 0.0965927 
0.664398 0.0962757 
0.662461 0.0942997 
0.664113 0.094033 
0.662106 0.0944729 
0.663605 0.0969433 
0.661863 0.0961086 
0.85292 0.720837 
0.852351 0.721173 
0.852244 0.720703 
0.853593 0.720295 
0.852324 0.720493 
0.853056 0.720165 
0.8537 0.72017 
0.854082 0.720263 
0.852997 0.719799 
0.854781 0.722544 
0.214552 0.613205 
0.216669 0.61188 
0.215418 0.613749 
0.214049 0.612412 
0.21501 0.611039 
0.214313 0.613656 
0.216013 0.614074 
0.217126 0.613136 
0.217391 0.612196 
0.213628 0.611732 
0.807216 0.972411 
0.807508 0.972204 
0.80708 0.972133 
0.807618 0.973099 
0.807148 0.971946 
0.806893 0.973606 
0.806198 0.972862 
0.80604 0.972615 
0.806018 0.972873 
0.808248 0.973432 
0.0727486 0.910226 
0.0723487 0.910379 
0.0738559 0.910174 
0.0723637 0.911246 
0.0723877 0.909922 
0.071979 0.910339 
0.0718333 0.910719 
0.0718151 0.911024 
0.0735744 0.909414 
0.072183 0.911991 
0.88277 0.392022 
0.88222 0.3918 
0.882727 0.390928 
0.882988 0.390426 
0.883336 0.390573 
0.88149 0.391075 
0.882754 0.392974 
0.881185 0.39149 
0.883368 0.390139 
0.884218 0.390812 
0.982853 0.305395 
0.983163 0.305711 
0.981949 0.305126 
0.98212 0.307117 
0.98244 0.304747 
0.983381 0.304954 
0.981989 0.307444 
0.98116 0.305085 
0.981247 0.307839 
0.982317 0.303862 
0.684205 0.127821 
0.685771 0.125963 
0.684205 0.126439 
0.685224 0.128955 
0.686867 0.128451 
0.687409 0.127046 
0.683538 0.12821 
0.687529 0.126984 
0.683257 0.127425 
0.685375 0.125116 
0.345627 0.547597 
0.345474 0.547551 
0.344775 0.548397 
0.345724 0.54653 
0.346959 0.547993 
0.346899 0.548728 
0.345828 0.549584 
0.346495 0.5463 
0.346603 0.549486 
0.347362 0.548509 
0.17201 0.511784 
0.172168 0.510901 
0.172857 0.51152 
0.171143 0.511961 
0.171246 0.512436 
0.172437 0.512809 
0.17087 0.510946 
0.172896 0.512904 
0.17175 0.513167 
0.173139 0.510546 
0.655442 0.998471 
0.655429 0.998706 
0.655723 0.999112 
0.656629 0.997025 
0.654649 0.998537 
0.655726 0.996587 
0.657101 0.99862 
0.654219 0.998414 
0.655393 0.996181 
0.657193 0.998879 
0.776446 0.622545 
0.776022 0.624038 
0.776929 0.62421 
0.777652 0.623664 
0.776719 0.621423 
0.775486 0.621313 
0.774603 0.621904 
0.775277 0.621301 
0.777841 0.62377 
0.774328 0.624098 
0.0360893 0.141829 
0.0374744 0.142495 
0.0372987 0.142676 
0.0367723 0.140525 
0.0361423 0.140744 
0.0381408 0.141208 
0.035826 0.140914 
0.0377677 0.142888 
0.0381447 0.142689 
0.0376164 0.140212 
0.0670977 0.643256 
0.068135 0.643012 
0.067154 0.642105 
0.0680399 0.6421 
0.0664027 0.641964 
0.0658617 0.642737 
0.0687783 0.642056 
0.0661478 0.644311 
0.0653978 0.642507 
0.0657472 0.641588 
0.0749279 0.390814 
0.0748306 0.389213 
0.0731793 0.390183 
0.074669 0.388938 
0.0753503 0.391669 
0.0733316 0.39154 
0.0744511 0.392121 
0.0761297 0.391162 
0.0761324 0.391205 
0.0754018 0.392057 
0.839936 0.0614885 
0.841454 0.0616913 
0.839662 0.060975 
0.841807 0.0624336 
0.842184 0.0616891 
0.839481 0.0602945 
0.840177 0.0632241 
0.838674 0.0619247 
0.841719 0.0596807 
0.841627 0.0634542 
0.414842 0.0318547 
0.414794 0.0322009 
0.414924 0.0310842 
0.415469 0.0318884 
0.413255 0.0315278 
0.415392 0.0308081 
0.413522 0.0328666 
0.413422 0.0329002 
0.412887 0.0319972 
0.416032 0.031396 
0.65407 0.834741 
0.65545 0.83658 
0.655378 0.836681 
0.655996 0.834692 
0.656313 0.835678 
0.654948 0.837009 
0.655605 0.833933 
0.653636 0.836892 
0.653675 0.834093 
0.656893 0.835627 
0.218344 0.751883 
0.217541 0.750961 
0.219429 0.75235 
0.21795 0.753099 
0.216971 0.751763 
0.218092 0.750441 
0.218157 0.753389 
0.219563 0.752757 
0.217157 0.752926 
0.21983 0.751221 
0.440212 0.170956 
0.440434 0.171826 
0.441209 0.171717 
0.441163 0.170375 
0.440305 0.172234 
0.441002 0.172316 
0.439788 0.172007 
0.440936 0.172477 
0.439392 0.170622 
0.442244 0.171304 
0.893662 0.218888 
0.893745 0.218372 
0.894388 0.218912 
0.892909 0.220394 
0.894618 0.219714 
0.894513 0.220004 
0.893251 0.217721 
0.89307 0.21772 
0.894751 0.218376 
0.895003 0.218786 
0.861684 0.456693 
0.861284 0.457205 
0.862265 0.457062 
0.861746 0.456368 
0.860932 0.457682 
0.862725 0.456507 
0.861405 0.458112 
0.861311 0.455859 
0.860392 0.457309 
0.862256 0.455738 
0.254506 0.83963 
0.254021 0.83857 
0.253779 0.839962 
0.253362 0.839352 
0.255152 0.839678 
0.254435 0.84022 
0.253602 0.838336 
0.255162 0.839849 
0.253914 0.8404 
0.252997 0.838734 
0.661122 0.211046 
0.660961 0.210256 
0.661375 0.210284 
0.660571 0.210117 
0.66161 0.211198 
0.661833 0.210439 
0.660665 0.21212 
0.662065 0.209966 
0.659409 0.210373 
0.65952 0.210045 
0.511374 0.538607 
0.511158 0.53831 
0.510968 0.538773 
0.511155 0.537969 
0.512425 0.53876 
0.512152 0.537799 
0.510954 0.537468 
0.512519 0.539531 
0.51208 0.539924 
0.510001 0.538614 
0.282947 0.145365 
0.282899 0.144925 
0.282386 0.146597 
0.283661 0.145113 
0.281332 0.146054 
0.280934 0.146372 
0.280916 0.145055 
0.280803 0.145453 
0.28222 0.143844 
0.284506 0.146446 
0.327248 0.26915 
0.32757 0.268346 
0.327917 0.268661 
0.32657 0.269374 
0.328196 0.269063 
0.327829 0.26812 
0.326838 0.269782 
0.327657 0.267529 
0.325773 0.269066 
0.327967 0.27027 
0.985274 0.928968 
0.984798 0.928383 
0.984622 0.928684 
0.985949 0.928104 
0.986357 0.928333 
0.985568 0.929733 
0.985669 0.930144 
0.986731 0.927749 
0.98469 0.927036 
0.983644 0.92833 
0.815356 0.803371 
0.815916 0.803238 
0.815349 0.802985 
0.816179 0.80303 
0.8158 0.80459 
0.814815 0.80392 
0.814583 0.803352 
0.816631 0.802695 
0.814552 0.801945 
0.816713 0.801844 
0.295322 0.857792 
0.295928 0.857204 
0.294288 0.856704 
0.29504 0.859447 
0.29634 0.858643 
0.29377 0.856594 
0.295937 0.859269 
0.295105 0.856045 
0.295412 0.856066 
0.293921 0.856302 
0.12793 0.576475 
0.127247 0.575673 
0.127667 0.575772 
0.127957 0.575965 
0.128042 0.577698 
0.128037 0.577844 
0.128258 0.576002 
0.125261 0.576097 
0.12619 0.574969 
0.126054 0.575018 
0.946503 0.938439 
0.945249 0.937858 
0.946322 0.939315 
0.945756 0.937462 
0.94579 0.93688 
0.946958 0.937374 
0.943823 0.938485 
0.944092 0.937226 
0.947887 0.937886 
0.947348 0.940131 
0.00600233 0.14886 
0.00649179 0.149291 
0.00569181 0.148236 
0.00579819 0.15061 
0.00470571 0.149986 
0.00452301 0.149388 
0.00734556 0.148733 
0.00626734 0.150924 
0.00444884 0.148779 
0.00794006 0.150065 
0.567138 0.544042 
0.565931 0.542676 
0.567609 0.544353 
0.564851 0.542779 
0.567031 0.545495 
0.564699 0.542608 
0.568216 0.544029 
0.568303 0.544688 
0.566171 0.541455 
0.566636 0.546076 
0.742022 0.164247 
0.740647 0.163775 
0.740948 0.164804 
0.740561 0.16325 
0.740391 0.163804 
0.742287 0.165278 
0.740383 0.164443 
0.741314 0.162135 
0.742628 0.165345 
0.74035 0.164827 
0.0625934 0.669299 
0.0624886 0.669983 
0.0636856 0.669979 
0.0639491 0.669461 
0.0631907 0.66865 
0.0629486 0.67114 
0.0641374 0.670765 
0.0614171 0.669772 
0.0633288 0.671416 
0.0634663 0.667883 
0.570325 0.613357 
0.570077 0.613712 
0.569412 0.613829 
0.569961 0.614082 
0.570649 0.613843 
0.5688 0.61324 
0.570928 0.61392 
0.570626 0.612105 
0.57124 0.612482 
0.57142 0.613655 
0.890073 0.536461 
0.89087 0.535303 
0.889442 0.536086 
0.891331 0.536632 
0.889877 0.534906 
0.891594 0.536393 
0.891388 0.534945 
0.889913 0.537462 
0.892111 0.536043 
0.888645 0.536504 
0.769008 0.0131062 
0.769058 0.0122761 
0.768396 0.012718 
0.768924 0.0141451 
0.770016 0.0114379 
0.769643 0.0146733 
0.76837 0.0141211 
0.77123 0.0120225 
0.769809 0.0110232 
0.768078 0.0142733 
0.940792 0.690681 
0.940685 0.69142 
0.940434 0.690384 
0.940478 0.69005 
0.939805 0.690825 
0.941465 0.689951 
0.941302 0.69201 
0.939684 0.690399 
0.940552 0.692119 
0.939328 0.691011 
0.0512547 0.125233 
0.0513341 0.124843 
0.0505204 0.125794 
0.0511389 0.124262 
0.0521239 0.125745 
0.052377 0.125039 
0.0498148 0.125031 
0.0499713 0.124392 
0.0508257 0.12661 
0.0514101 0.123552 
0.0922198 0.330331 
0.0912734 0.330996 
0.0911547 0.331381 
0.0910209 0.330398 
0.090883 0.331262 
0.090839 0.331255 
0.093069 0.331015 
0.0929138 0.331513 
0.0926873 0.331938 
0.0927619 0.32973 
0.272226 0.465624 
0.270856 0.464816 
0.270868 0.466373 
0.27026 0.46485 
0.272128 0.464278 
0.270355 0.464617 
0.272836 0.465909 
0.270016 0.464645 
0.26991 0.466051 
0.272663 0.464148 
0.216165 0.785837 
0.215443 0.785231 
0.215998 0.786744 
0.216005 0.786845 
0.214955 0.785259 
0.216648 0.786622 
0.214609 0.786203 
0.217119 0.786007 
0.215 0.784775 
0.215661 0.784285 
0.472831 0.635169 
0.472632 0.635276 
0.471781 0.635437 
0.472872 0.633717 
0.474005 0.635621 
0.47132 0.635105 
0.47351 0.636234 
0.473738 0.63607 
0.471167 0.635802 
0.473037 0.636759 
0.110832 0.552147 
0.111557 0.551606 
0.111751 0.551417 
0.110925 0.552826 
0.111735 0.552188 
0.109058 0.551267 
0.109415 0.550464 
0.109177 0.550435 
0.110156 0.55315 
0.110519 0.553379 
0.363063 0.599303 
0.363348 0.599246 
0.36223 0.597772 
0.362022 0.597711 
0.363718 0.599754 
0.361227 0.598947 
0.363634 0.599954 
0.361634 0.599833 
0.363589 0.600081 
0.364719 0.598948 
0.372189 0.60825 
0.372173 0.608103 
0.372739 0.607885 
0.371922 0.607639 
0.37176 0.60758 
0.373157 0.607188 
0.372708 0.609563 
0.373608 0.60881 
0.373929 0.607908 
0.373809 0.608986 
0.681412 0.198497 
0.681321 0.198791 
0.682427 0.198247 
0.680205 0.198487 
0.682441 0.199304 
0.682669 0.199376 
0.680372 0.199413 
0.679884 0.197123 
0.680448 0.196282 
0.679414 0.197517 
