0.14893 0.245314 0.0512841 0.698503 0.411219 
0.0757088 0.253387 0.0595652 0.616169 0.419631 
0.134298 0.279675 0.102241 0.681312 0.396283 
0.0686568 0.356743 0.071465 0.690108 0.453898 
0.203614 0.228542 0.0604244 0.632334 0.413904 
0.123286 0.244169 0.0675338 0.612364 0.374886 
0.143369 0.302422 0.00441598 0.56442 0.456529 
0.168081 0.241067 0.0213947 0.688626 0.56605 
0.0785764 0.247114 0.0448441 0.721793 0.351358 
0.0932783 0.390075 0.0271367 0.6623 0.403789 
0.202562 0.368105 0.828593 0.246616 0.92596 
0.265415 0.35902 0.821466 0.199278 0.811223 
0.208682 0.373144 0.953347 0.232836 0.891502 
0.25644 0.385395 0.880451 0.229962 0.957892 
0.240546 0.328172 0.837593 0.203043 0.767185 
0.243757 0.319281 0.821524 0.304943 0.805325 
0.288688 0.36554 0.937057 0.160275 0.907267 
0.256456 0.302836 0.809207 0.294319 0.928578 
0.243402 0.261732 0.940277 0.237121 0.88397 
0.262748 0.367912 0.886146 0.132587 0.800881 
0.400222 0.673118 0.697594 0.149851 0.488146 
0.484335 0.68619 0.631536 0.141594 0.449311 
0.411891 0.728456 0.673376 0.155232 0.539143 
0.47344 0.681618 0.57036 0.145935 0.513287 
0.385395 0.701804 0.667208 0.0658903 0.44187 
0.414371 0.715365 0.673615 0.105578 0.574096 
0.43958 0.72355 0.644139 0.219278 0.485875 
0.460042 0.750143 0.669726 0.0947493 0.436017 
0.394958 0.657116 0.700208 0.100502 0.423731 
0.372994 0.658745 0.630308 0.0436624 0.466834 
0.469735 0.22566 0.714713 0.667864 0.55164 
0.408481 0.268324 0.743726 0.674193 0.621254 
0.316 0.268201 0.665343 0.609399 0.578419 
0.409581 0.267422 0.75628 0.64623 0.613838 
0.358176 0.281192 0.619075 0.663664 0.497759 
0.329457 0.2418 0.662664 0.572638 0.556273 
0.365096 0.247973 0.77927 0.692573 0.570656 
0.454432 0.169398 0.715489 0.589129 0.585194 
0.443497 0.283905 0.664679 0.657996 0.663667 
0.307706 0.169157 0.641361 0.649729 0.521946 
0.837562 0.94263 0.0366001 0.344485 0.432023 
0.877554 0.91875 0.11721 0.384913 0.513043 
0.815756 0.93468 0.00164223 0.353952 0.523346 
0.896938 0.912024 0.0241553 0.267673 0.51291 
0.832216 0.840405 0.0853045 0.269485 0.488304 
0.819464 0.950379 0.00896575 0.381239 0.446601 
0.898635 0.900175 0.0449191 0.404719 0.443021 
0.913208 0.853998 0.00339767 0.310021 0.500296 
0.823424 0.961432 0.0944456 0.344795 0.401806 
0.904122 0.865246 0.130284 0.348585 0.436871 
0.28418 0.25649 0.359916 0.662735 0.555339 
0.27274 0.301807 0.329545 0.736894 0.640846 
0.224924 0.353653 0.406591 0.612758 0.586574 
0.232573 0.373659 0.332442 0.640528 0.592531 
0.357174 0.243773 0.369655 0.623518 0.614596 
0.377284 0.30166 0.442999 0.710328 0.611103 
0.287539 0.228925 0.381448 0.719056 0.527706 
0.287543 0.36644 0.299906 0.692879 0.667443 
0.311285 0.365616 0.343003 0.76144 0.571556 
0.238934 0.25764 0.399064 0.688294 0.502984 
0.208653 0.0672137 0.154133 0.779935 0.199162 
0.209189 0.0752199 0.166617 0.72991 0.201966 
0.32017 0.00559507 0.142345 0.77381 0.231953 
0.235057 0.0326488 0.112521 0.721997 0.240498 
0.21791 0.0767692 0.267494 0.721639 0.22503 
0.181376 0.0160862 0.276441 0.779039 0.180583 
0.302489 0.0269669 0.208253 0.863568 0.278852 
0.216031 0.0491144 0.104242 0.833909 0.172241 
0.218526 0.11244 0.239482 0.72605 0.184707 
0.177124 0.109849 0.205611 0.785753 0.27947 
0.179892 0.285889 0.382163 0.995514 0.507247 
0.162956 0.281994 0.368895 0.993058 0.49274 
0.1829 0.287038 0.396646 0.962961 0.428434 
0.169652 0.313649 0.455073 0.999744 0.471194 
0.226414 0.244085 0.403249 0.98595 0.563111 
0.253294 0.332321 0.416438 0.947743 0.508284 
0.189921 0.319012 0.348196 0.895367 0.487024 
0.161197 0.257423 0.447143 0.919222 0.420833 
0.230442 0.255593 0.342989 0.904603 0.442051 
0.203598 0.195777 0.411115 0.980743 0.415827 
0.578951 0.281399 0.699121 0.317285 0.173072 
0.567569 0.24673 0.728977 0.37891 0.250475 
0.589254 0.223045 0.735554 0.345134 0.246955 
0.506533 0.255906 0.808542 0.376623 0.142807 
0.61986 0.24558 0.736778 0.342893 0.266018 
0.600696 0.379004 0.749987 0.312562 0.144604 
0.549231 0.236536 0.677848 0.323322 0.206065 
0.521374 0.248973 0.717385 0.403851 0.140666 
0.542701 0.375315 0.707105 0.346029 0.139915 
0.603624 0.258229 0.681508 0.31283 0.243764 
0.655668 0.720873 0.546574 0.588718 0.249248 
0.674836 0.714917 0.556775 0.547662 0.279127 
0.654854 0.839246 0.538731 0.628405 0.292105 
0.602284 0.753149 0.539506 0.539915 0.234027 
0.673831 0.731935 0.580681 0.654774 0.302556 
0.639855 0.737439 0.511387 0.666546 0.266158 
0.728534 0.742337 0.516046 0.637914 0.261807 
0.694954 0.76512 0.588929 0.521881 0.315178 
0.692758 0.686904 0.518215 0.562219 0.340564 
0.74486 0.732614 0.574507 0.579666 0.278642 
0.690494 0.52231 0.0556547 0.179573 0.336478 
0.759119 0.510505 0.0416068 0.250918 0.338254 
0.71234 0.576042 0.0539491 0.310648 0.384576 
0.690567 0.53939 0.0738302 0.137612 0.436838 
0.657252 0.609677 0.0679716 0.277194 0.307211 
0.690906 0.567413 0.061987 0.325264 0.366064 
0.710045 0.582382 0.0523565 0.121673 0.399561 
0.729028 0.536448 0.0808701 0.218781 0.46756 
0.65152 0.48882 0.0749479 0.256841 0.448276 
0.674191 0.47688 0.144696 0.215682 0.426007 
0.044673 0.53635 0.115083 0.200519 0.666435 
0.0746808 0.570576 0.176737 0.214321 0.63163 
0.0521034 0.597205 0.220643 0.217071 0.628416 
0.058459 0.557598 0.187254 0.128741 0.638061 
0.0652204 0.573679 0.206195 0.251234 0.596489 
0.118805 0.578119 0.120354 0.159341 0.657559 
0.0236409 0.644454 0.161101 0.230316 0.667991 
0.0340269 0.623009 0.225934 0.213884 0.659083 
0.0956713 0.567678 0.138902 0.1582 0.585299 
0.00182829 0.545359 0.066269 0.140682 0.647495 
0.868531 0.679857 0.41925 0.220322 0.881817 
0.811568 0.624304 0.40353 0.246335 0.797156 
0.834019 0.654989 0.355075 0.170569 0.808123 
0.843757 0.621253 0.435455 0.171732 0.733642 
0.953622 0.656037 0.470044 0.230252 0.825197 
0.791643 0.624062 0.454794 0.175228 0.762212 
0.812427 0.618824 0.387387 0.244052 0.760192 
0.889352 0.650292 0.534839 0.169789 0.869915 
0.841105 0.683375 0.357023 0.259516 0.839134 
0.936459 0.639269 0.389684 0.255853 0.764694 
0.761656 0.588716 0.99001 0.0042087 0.29321 
0.86059 0.570842 0.97046 0.0629092 0.336361 
0.767747 0.619776 0.994728 0.0770107 0.354364 
0.857979 0.531215 0.994802 0.0731251 0.256992 
0.737918 0.589518 0.92682 0.068054 0.342072 
0.807118 0.577284 0.945033 0.0135503 0.374136 
0.88818 0.573061 0.935742 0.0161994 0.266866 
0.858121 0.644961 0.935469 0.0160978 0.331379 
0.809027 0.569614 0.993137 0.100703 0.401267 
0.82759 0.494654 0.917098 0.00161635 0.280347 
0.938124 0.262382 0.471842 0.692973 0.0574577 
0.918163 0.37127 0.473402 0.742268 0.0542287 
0.935481 0.273422 0.475176 0.678059 0.0103043 
0.843375 0.247452 0.498142 0.742704 0.0530484 
0.949742 0.33971 0.489807 0.797536 0.0449915 
0.963467 0.303048 0.542149 0.659273 0.102777 
0.901876 0.313158 0.455703 0.667186 0.126379 
0.950139 0.314188 0.487966 0.655466 0.124296 
0.968368 0.345627 0.547597 0.656615 0.0651935 
0.970157 0.286975 0.580286 0.681953 0.0704207 
0.860381 0.572886 0.754485 0.0981587 0.465964 
0.876442 0.514727 0.743368 0.0967999 0.449158 
0.797533 0.52207 0.731151 0.0347628 0.462087 
0.896568 0.598132 0.737902 0.0703433 0.463737 
0.791416 0.579728 0.768308 0.0717467 0.45266 
0.906751 0.569623 0.680326 0.0565078 0.447754 
0.863587 0.508738 0.747126 0.00667114 0.424808 
0.834162 0.551193 0.679359 0.136064 0.420159 
0.787755 0.537705 0.74773 0.0363761 0.371077 
0.799767 0.597406 0.665956 0.0277633 0.428752 
0.80672 0.586825 0.616158 0.752938 0.0394022 
0.846238 0.674831 0.679154 0.737992 0.045872 
0.792573 0.558792 0.70811 0.644946 0.0825795 
0.840893 0.659195 0.632568 0.608139 0.00734292 
0.911317 0.610498 0.639358 0.742049 0.0351286 
0.917264 0.607998 0.676812 0.690406 0.0743299 
0.783621 0.539558 0.60674 0.628905 0.0758282 
0.806399 0.632105 0.708777 0.776192 0.0964468 
0.860941 0.640624 0.600959 0.634276 0.111603 
0.769155 0.689764 0.723517 0.698047 0.076374 
0.275662 0.236038 0.56939 0.0534396 0.717448 
0.289263 0.217085 0.601737 0.0553468 0.742863 
0.273152 0.20143 0.576594 0.056634 0.686018 
0.205394 0.275544 0.531395 0.0644801 0.709989 
0.24757 0.220199 0.691643 0.0453115 0.72403 
0.278121 0.206184 0.681874 0.0642278 0.738381 
0.203458 0.197869 0.628599 0.108408 0.728732 
0.253993 0.352223 0.572982 0.0705556 0.741614 
0.214549 0.203047 0.52023 0.0788867 0.799363 
0.209881 0.166058 0.540374 0.0512178 0.677697 
0.598039 0.351666 0.892689 0.861824 0.197159 
0.635715 0.357695 0.943181 0.862957 0.14665 
0.662051 0.369656 0.950018 0.779121 0.192557 
0.705372 0.366879 0.927645 0.764921 0.209064 
0.63712 0.35817 0.892494 0.815179 0.0911841 
0.719797 0.381918 0.854052 0.823446 0.232228 
0.698898 0.371054 0.840307 0.776472 0.220389 
0.698021 0.348095 0.823984 0.879006 0.218965 
0.616737 0.366205 0.965149 0.86378 0.281241 
0.615164 0.353846 0.810501 0.885021 0.166514 
0.0944319 0.156621 0.59135 0.422963 0.991467 
0.168566 0.155342 0.511875 0.410985 0.947932 
0.138515 0.145321 0.615103 0.358852 0.922115 
0.14186 0.225275 0.622108 0.450254 0.968469 
0.136123 0.220235 0.606061 0.336658 0.915064 
0.07679 0.255388 0.505752 0.33826 0.988498 
0.135019 0.111371 0.548638 0.439827 0.921284 
0.0818409 0.260801 0.488162 0.349618 0.993681 
0.132056 0.147839 0.613646 0.486275 0.957752 
0.169845 0.239637 0.627802 0.358419 0.911335 
0.659281 0.656989 0.474925 0.343462 0.798158 
0.607292 0.64742 0.497707 0.376656 0.864449 
0.591034 0.70351 0.456854 0.345097 0.864103 
0.607693 0.745012 0.432416 0.408199 0.852226 
0.691216 0.691088 0.496089 0.358018 0.757815 
0.657557 0.665881 0.539935 0.343108 0.810681 
0.612999 0.672665 0.380836 0.403297 0.806236 
0.669822 0.679374 0.413737 0.358309 0.753942 
0.695806 0.662467 0.487401 0.323737 0.850109 
0.556361 0.73642 0.434056 0.414678 0.829754 
0.966663 0.179109 0.0713347 0.33894 0.852531 
0.988842 0.184431 0.072241 0.237805 0.864153 
0.994246 0.139651 0.0251717 0.34204 0.849851 
0.951081 0.173986 0.0502601 0.302898 0.807843 
0.886553 0.244029 0.0194895 0.300286 0.856846 
0.993975 0.241511 0.0668288 0.287089 0.788642 
0.931 0.208375 0.0730538 0.309962 0.950288 
0.882778 0.292531 0.00996383 0.317048 0.888156 
0.965798 0.207417 0.108519 0.227934 0.83658 
0.938791 0.102038 0.00285101 0.335491 0.82606 
0.249465 0.478724 0.605621 0.273086 0.0682976 
0.253549 0.517757 0.586154 0.271403 0.0692484 
0.251306 0.432393 0.641227 0.264207 0.0970176 
0.220317 0.510346 0.561185 0.275834 0.115831 
0.262473 0.493719 0.685881 0.228902 0.133784 
0.283228 0.563796 0.580044 0.199774 0.0182474 
0.323262 0.482456 0.676374 0.227402 0.0406251 
0.234997 0.497372 0.654095 0.312341 0.10775 
0.206495 0.455644 0.683187 0.264626 0.02345 
0.211091 0.460444 0.699185 0.259887 0.108037 
0.777482 0.0923502 0.312405 0.435574 0.863324 
0.75631 0.172098 0.322955 0.460132 0.845151 
0.733425 0.185392 0.333339 0.394115 0.795066 
0.797351 0.046461 0.360751 0.376202 0.829412 
0.762782 0.103282 0.32101 0.496778 0.899774 
0.792706 0.0807751 0.240131 0.409339 0.784619 
0.770095 0.0888509 0.35089 0.421299 0.93426 
0.838538 0.0846168 0.297696 0.494915 0.827048 
0.777878 0.0630671 0.363815 0.438682 0.730864 
0.735997 0.18307 0.283812 0.493638 0.870274 
0.0736638 0.811175 0.529136 0.0214251 0.325028 
0.063854 0.782243 0.553274 0.100221 0.344276 
0.108582 0.793114 0.561627 0.0413944 0.292097 
0.0425148 0.829629 0.606476 0.111455 0.369333 
0.0698756 0.711339 0.663243 0.0745129 0.358396 
0.116295 0.809357 0.604466 0.00866325 0.414146 
0.0373659 0.664135 0.596715 0.036516 0.304242 
0.136324 0.720283 0.562714 0.0536452 0.379835 
0.0435147 0.817394 0.637143 0.127019 0.350395 
0.0868185 0.88402 0.581016 0.0422096 0.347756 
0.579976 0.8249 0.884688 0.228927 0.835133 
0.593204 0.831781 0.884028 0.130487 0.789733 
0.551695 0.73799 0.779599 0.17332 0.815919 
0.523235 0.749372 0.858441 0.0971728 0.807692 
0.555501 0.737506 0.774918 0.156173 0.819929 
0.589135 0.8506 0.785945 0.17631 0.85091 
0.476966 0.745623 0.852327 0.153769 0.878135 
0.569308 0.745786 0.824977 0.101292 0.781214 
0.492578 0.84797 0.887294 0.162236 0.881212 
0.581257 0.882767 0.813959 0.188776 0.827551 
0.529648 0.151432 0.948358 0.0782491 0.613793 
0.574281 0.17619 0.941501 0.0404248 0.63196 
0.630444 0.186722 0.99302 0.126129 0.554914 
0.679604 0.14383 0.919415 0.133169 0.664516 
0.614556 0.168304 0.986592 0.111172 0.719602 
0.647412 0.183579 0.934063 0.067642 0.662725 
0.631455 0.10295 0.990882 0.175182 0.710178 
0.671224 0.172494 0.931176 0.181467 0.669387 
0.496612 0.138379 0.902315 0.170233 0.609316 
0.520018 0.0675672 0.977129 0.0628957 0.634912 
0.542335 0.0687519 0.653715 0.0446462 0.777806 
0.442824 0.0149291 0.695154 0.106894 0.8373 
0.53491 0.0841274 0.768536 0.0323602 0.756762 
0.587299 0.00771578 0.707905 0.00141152 0.782388 
0.469704 0.0212824 0.647202 0.108505 0.842443 
0.505128 0.0266885 0.791081 0.00617163 0.860242 
0.494415 0.127841 0.718578 0.00999071 0.780615 
0.535338 0.127932 0.748628 0.0567646 0.809627 
0.429688 0.028858 0.802198 0.0159022 0.829085 
0.544888 0.0530186 0.658328 0.0292677 0.699362 
0.199155 0.666057 0.267977 0.03354 0.280753 
0.260198 0.687612 0.315974 0.026757 0.301457 
0.194423 0.677945 0.260319 0.00560266 0.256434 
0.201088 0.663129 0.214813 0.0280972 0.22945 
0.256987 0.607183 0.202333 0.0276266 0.2217 
0.23625 0.72194 0.26237 0.0655431 0.352723 
0.168636 0.624457 0.23562 0.07844 0.308361 
0.194511 0.637469 0.169653 0.0871741 0.27343 
0.302731 0.700216 0.339868 0.0280741 0.290462 
0.318226 0.696772 0.286561 0.104243 0.27714 
0.526599 0.902073 0.000200614 0.409206 0.43362 
0.508265 0.8991 0.0621992 0.380318 0.41927 
0.554738 0.829807 0.0251308 0.444601 0.399547 
0.496466 0.83049 0.0123815 0.444033 0.403078 
0.59586 0.912784 0.0758167 0.377906 0.471115 
0.536448 0.880829 0.0232568 0.264138 0.426653 
0.556042 0.788236 0.0985284 0.402953 0.451836 
0.541519 0.853972 0.0565873 0.309234 0.517255 
0.622835 0.930492 0.0878382 0.383078 0.414847 
0.572524 0.931739 0.112268 0.363395 0.465139 
0.170538 0.6816 0.456499 0.268575 0.648241 
0.233316 0.779835 0.431823 0.249387 0.645433 
0.177896 0.763861 0.464979 0.238847 0.748005 
0.268459 0.69369 0.450886 0.328035 0.641471 
0.310384 0.699349 0.515909 0.32113 0.70588 
0.218157 0.753389 0.550485 0.311113 0.634071 
0.308255 0.630997 0.465251 0.274232 0.685854 
0.182169 0.671047 0.567196 0.258835 0.630213 
0.165427 0.659576 0.554457 0.296679 0.690426 
0.219439 0.772049 0.538064 0.222503 0.768447 
0.412583 0.0250467 0.932609 0.243111 0.0721255 
0.356085 0.050998 0.97604 0.303629 0.019056 
0.408123 0.0707164 0.95723 0.294855 0.096045 
0.351515 0.0406307 0.894108 0.212369 0.0297882 
0.384261 0.101863 0.912018 0.225254 0.0630427 
0.427555 0.0120381 0.931717 0.157891 0.0056671 
0.343467 0.0642111 0.986926 0.323935 0.123666 
0.398254 0.0642137 0.946553 0.375983 0.0415802 
0.484649 0.111493 0.983281 0.217796 0.07398 
0.377423 0.0934532 0.946519 0.261547 0.156074 
0.827762 0.446229 0.404706 0.456438 0.635054 
0.822978 0.524579 0.455309 0.498035 0.699066 
0.827218 0.397478 0.376457 0.518948 0.657846 
0.882112 0.494682 0.358501 0.57322 0.592038 
0.874649 0.410938 0.437845 0.469359 0.651051 
0.902414 0.413221 0.363054 0.545245 0.621057 
0.807038 0.448411 0.430665 0.506751 0.730546 
0.798216 0.52178 0.405078 0.481827 0.720564 
0.88703 0.474506 0.304769 0.542895 0.693955 
0.837243 0.397619 0.36348 0.571324 0.684948 
0.546676 0.479394 0.449627 0.447191 0.322057 
0.483353 0.455645 0.395331 0.465564 0.407061 
0.479995 0.464819 0.409029 0.504508 0.413398 
0.512158 0.500549 0.331074 0.439944 0.290322 
0.537634 0.416775 0.46335 0.442777 0.398883 
0.59877 0.496579 0.347969 0.505659 0.3395 
0.547789 0.505843 0.328743 0.508871 0.388701 
0.436951 0.43849 0.420586 0.43743 0.287657 
0.588069 0.415145 0.409646 0.457839 0.264843 
0.439623 0.521061 0.375991 0.453193 0.370983 
0.284491 0.69231 0.0306699 0.739066 0.999194 
0.304065 0.769528 0.0497275 0.747241 0.969346 
0.247841 0.796376 0.000350015 0.788786 0.959532 
0.266428 0.748804 0.0409799 0.807426 0.908682 
0.223372 0.728483 0.0389196 0.681261 0.945722 
0.26864 0.813117 0.0566112 0.717442 0.936724 
0.321264 0.764228 0.124043 0.78926 0.999147 
0.251905 0.825042 0.0213338 0.803192 0.959726 
0.249172 0.705979 0.0378972 0.727449 0.860936 
0.344899 0.622906 0.0327723 0.653577 0.974803 
0.272205 0.561488 0.275545 0.745161 0.833162 
0.24066 0.622938 0.254741 0.703306 0.769169 
0.239782 0.502809 0.333936 0.718037 0.835614 
0.27335 0.590349 0.253673 0.723862 0.765047 
0.253366 0.566629 0.359934 0.729735 0.891668 
0.330935 0.576031 0.258495 0.737719 0.824092 
0.200398 0.601192 0.293927 0.765866 0.877386 
0.179412 0.559377 0.276432 0.631258 0.906725 
0.328135 0.598431 0.268632 0.757014 0.830528 
0.235363 0.625234 0.211318 0.611206 0.885658 
0.858965 0.304082 0.405579 0.434288 0.457138 
0.848569 0.363367 0.340451 0.436917 0.40293 
0.968027 0.328765 0.319758 0.462702 0.456245 
0.861015 0.369023 0.393841 0.431166 0.482004 
0.89942 0.21866 0.378782 0.397259 0.450786 
0.992006 0.311301 0.387452 0.43346 0.409947 
0.86568 0.256729 0.380845 0.494653 0.425467 
0.927072 0.266903 0.367039 0.352764 0.360307 
0.938105 0.31813 0.309177 0.357758 0.500832 
0.810138 0.288637 0.348911 0.372642 0.364294 
0.716128 0.261185 0.297935 0.628693 0.211829 
0.696931 0.293297 0.20082 0.61016 0.144869 
0.659975 0.28665 0.357165 0.660986 0.144605 
0.729958 0.317457 0.297945 0.614596 0.0515615 
0.668396 0.385066 0.236732 0.670819 0.147832 
0.62223 0.311088 0.231227 0.563174 0.162787 
0.677627 0.347173 0.277132 0.542426 0.084144 
0.731529 0.369422 0.262611 0.625765 0.0556819 
0.715709 0.244986 0.319226 0.693503 0.210367 
0.627209 0.39172 0.29149 0.645944 0.103787 
0.277607 0.09023 0.879701 0.198825 0.767618 
0.18442 0.0367773 0.93553 0.257123 0.68616 
0.220193 0.0107975 0.974391 0.109666 0.70196 
0.159144 0.080729 0.909945 0.184105 0.799118 
0.252107 0.0162808 0.832365 0.198573 0.821376 
0.16089 0.034551 0.92855 0.267543 0.785481 
0.246794 0.0219753 0.806467 0.168844 0.787681 
0.130916 0.0222083 0.870782 0.210322 0.766736 
0.20405 0.0460993 0.835793 0.185513 0.65795 
0.207805 0.0400307 0.9127 0.0805006 0.678654 
0.768871 0.403009 0.0729933 0.337737 0.614823 
0.773043 0.361002 0.0361827 0.353766 0.611841 
0.669315 0.428327 0.0165513 0.414289 0.697885 
0.801463 0.367387 0.0241457 0.306113 0.70153 
0.756375 0.429659 0.0281852 0.453421 0.659831 
0.738285 0.416582 0.0420443 0.385353 0.564915 
0.809328 0.346882 0.120475 0.360138 0.698394 
0.724776 0.46081 0.0738865 0.354726 0.75624 
0.781098 0.40358 0.162835 0.336286 0.700816 
0.689327 0.473615 0.121645 0.311645 0.673471 
0.299649 0.667835 0.141022 0.612406 0.443627 
0.288768 0.701327 0.0610165 0.623623 0.496801 
0.264936 0.726664 0.180706 0.594925 0.46506 
0.269733 0.651495 0.0651394 0.62288 0.425684 
0.324582 0.759107 0.0302175 0.594476 0.391703 
0.385336 0.734552 0.161756 0.65897 0.43113 
0.316869 0.64446 0.0855783 0.594804 0.377954 
0.34764 0.768043 0.0990649 0.600029 0.515712 
0.385452 0.788492 0.0995028 0.586715 0.425528 
0.343714 0.781963 0.0756711 0.622462 0.351732 
0.240418 0.319218 0.844006 0.813614 0.501261 
0.255535 0.303413 0.871534 0.820594 0.555978 
0.201657 0.341509 0.845242 0.838509 0.566646 
0.204098 0.330861 0.869234 0.804914 0.580382 
0.255358 0.343068 0.94225 0.813185 0.511322 
0.261058 0.275664 0.922634 0.83025 0.557024 
0.256669 0.354277 0.941876 0.860946 0.511806 
0.23111 0.265886 0.924169 0.844905 0.434931 
0.201631 0.347674 0.952767 0.873889 0.454326 
0.201986 0.372559 0.961104 0.847318 0.542284 
0.501987 0.0485556 0.419881 0.676909 0.231583 
0.511218 0.084903 0.357266 0.682102 0.191087 
0.451786 0.107975 0.383424 0.598154 0.262026 
0.487335 0.0319449 0.315165 0.670218 0.310393 
0.571286 0.0742363 0.381389 0.657225 0.224921 
0.476469 0.0992419 0.308019 0.656969 0.196833 
0.512475 0.149314 0.356456 0.632865 0.241492 
0.546911 0.0935448 0.314495 0.652851 0.291669 
0.507524 0.069229 0.449189 0.630894 0.205006 
0.501117 0.11168 0.346597 0.588573 0.318169 
0.902841 0.960993 0.703995 0.934121 0.895819 
0.86453 0.97585 0.695026 0.879312 0.962405 
0.886134 0.976625 0.755761 0.971455 0.895066 
0.861788 0.881293 0.726537 0.933676 0.922508 
0.911404 0.975448 0.784115 0.927037 0.897267 
0.794954 0.946558 0.696935 0.886459 0.870799 
0.804668 0.971016 0.620469 0.993003 0.949465 
0.877766 0.991857 0.774967 0.840922 0.889123 
0.869692 0.933652 0.781855 0.944044 0.833438 
0.894513 0.96736 0.772483 0.844017 0.980665 
0.374897 0.523614 0.314544 0.328943 0.399415 
0.421624 0.533333 0.281835 0.320613 0.478174 
0.443743 0.56357 0.331782 0.399755 0.419743 
0.443794 0.535139 0.360246 0.323454 0.420897 
0.418131 0.639655 0.317033 0.364969 0.456464 
0.379116 0.499559 0.281138 0.36268 0.421219 
0.462169 0.509127 0.25891 0.377026 0.432902 
0.484996 0.597565 0.347913 0.314411 0.447759 
0.410585 0.547758 0.236496 0.303889 0.3624 
0.492459 0.611404 0.2724 0.325485 0.451176 
0.325838 0.78764 0.756445 0.64498 0.49236 
0.271541 0.702338 0.701742 0.628487 0.557252 
0.315914 0.713108 0.681609 0.58933 0.493254 
0.340951 0.730213 0.769736 0.560108 0.557825 
0.314521 0.729813 0.738266 0.623619 0.619308 
0.351791 0.737467 0.670954 0.581704 0.546723 
0.372456 0.742262 0.692099 0.558919 0.508691 
0.252049 0.783659 0.764124 0.584814 0.610744 
0.27117 0.841813 0.693767 0.588675 0.542998 
0.265536 0.736073 0.652865 0.56923 0.581438 
0.942332 0.0944657 0.408228 0.785124 0.704075 
0.941055 0.0502168 0.517949 0.852276 0.681504 
0.961221 0.0909969 0.459489 0.748391 0.700984 
0.956565 0.147858 0.488383 0.837587 0.650973 
0.87034 0.0288011 0.496865 0.814139 0.639107 
0.919815 0.0727888 0.471955 0.835404 0.591571 
0.950172 0.0901732 0.451461 0.899441 0.640079 
0.916216 0.116707 0.535858 0.826471 0.743187 
0.84795 0.0705015 0.458378 0.854067 0.760776 
0.955495 0.0456367 0.493546 0.789267 0.760635 
0.666206 0.154382 0.746863 0.825032 0.566982 
0.665632 0.239788 0.729888 0.803944 0.520768 
0.636361 0.205456 0.785327 0.746073 0.563594 
0.71434 0.14459 0.75503 0.862829 0.522907 
0.629022 0.176249 0.840611 0.839829 0.551875 
0.715758 0.186652 0.730782 0.867159 0.575779 
0.706481 0.240943 0.753199 0.799357 0.467207 
0.762344 0.260262 0.79233 0.811671 0.576285 
0.618735 0.177053 0.75675 0.728488 0.523778 
0.642585 0.200986 0.88007 0.829999 0.569528 
0.108573 0.913283 0.909748 0.520443 0.712399 
0.11874 0.970299 0.928136 0.506412 0.724747 
0.174303 0.952734 0.920792 0.588348 0.671795 
0.250587 0.896164 0.965544 0.460176 0.661317 
0.148009 0.946425 0.971286 0.563697 0.621814 
0.245155 0.9319 0.930945 0.516686 0.629678 
0.220692 0.815787 0.951112 0.54135 0.775584 
0.175744 0.967967 0.969754 0.449926 0.802224 
0.245747 0.803169 0.979082 0.5451 0.71495 
0.186761 0.916537 0.885066 0.482217 0.627563 
0.583871 0.271676 0.2923 0.30155 0.737647 
0.590431 0.273778 0.292366 0.244562 0.678734 
0.577372 0.326865 0.309313 0.309501 0.733182 
0.604976 0.242132 0.209393 0.293595 0.652701 
0.589187 0.31091 0.315544 0.354248 0.751861 
0.63793 0.318848 0.214909 0.366655 0.66449 
0.676662 0.354397 0.278938 0.30878 0.734971 
0.707537 0.326502 0.276659 0.299957 0.719028 
0.676779 0.334602 0.230078 0.312837 0.763819 
0.634865 0.387024 0.299474 0.318527 0.691016 
0.115586 0.0699176 0.411418 0.0421637 0.28301 
0.0651914 0.094161 0.402112 0.0317294 0.349311 
0.15618 0.00911973 0.37081 0.0973002 0.306501 
0.061211 0.104534 0.312545 0.0456171 0.250741 
0.119721 0.146654 0.422438 0.0200197 0.251097 
0.0932624 0.10412 0.299439 0.0747851 0.282142 
0.0581622 0.0585207 0.325224 0.0885516 0.22112 
0.116384 0.0777706 0.357 0.123564 0.313867 
0.0720266 0.165554 0.395608 0.0209083 0.247226 
0.0603356 0.0482722 0.470035 0.0350389 0.191642 
0.419684 0.73749 0.272959 0.125531 0.281771 
0.49303 0.760475 0.267776 0.148512 0.300118 
0.472258 0.744663 0.230193 0.163074 0.23476 
0.437552 0.777093 0.216697 0.0566927 0.281755 
0.41302 0.650263 0.22796 0.0995245 0.323848 
0.434798 0.687091 0.326272 0.169086 0.289202 
0.410867 0.757093 0.178571 0.158023 0.261612 
0.443847 0.661197 0.249589 0.18859 0.333768 
0.378889 0.717174 0.195831 0.132484 0.227173 
0.467149 0.816467 0.238896 0.118376 0.338572 
0.177505 0.779272 0.523556 0.0929009 0.0210133 
0.247768 0.80162 0.425988 0.0492254 0.0556166 
0.252455 0.768933 0.469875 0.0911637 0.101561 
0.193967 0.675198 0.436372 0.0860317 0.0172824 
0.265931 0.779385 0.569527 0.130898 0.0287057 
0.211596 0.851196 0.471768 0.0966026 0.08691 
0.209363 0.805065 0.483643 0.105371 0.116944 
0.182839 0.709398 0.563453 0.148109 0.000446397 
0.117955 0.818658 0.54993 0.128941 0.0299055 
0.289815 0.786114 0.49072 0.192227 0.0592616 
0.618497 0.473381 0.070879 0.802583 0.694674 
0.566507 0.385973 0.107017 0.741288 0.703854 
0.509778 0.455057 0.0639441 0.749719 0.728733 
0.556029 0.479755 0.0765675 0.808229 0.748212 
0.620221 0.461728 0.156499 0.730601 0.754843 
0.592804 0.504669 0.168872 0.766299 0.657247 
0.574366 0.363891 0.101402 0.768328 0.736794 
0.6142 0.381349 0.16631 0.767829 0.693876 
0.59076 0.51422 0.0761833 0.721067 0.770887 
0.587782 0.362417 0.107228 0.688305 0.674468 
0.0450871 0.499664 0.841185 0.323336 0.0369987 
0.0440613 0.452202 0.736116 0.276402 0.0311277 
0.0141116 0.476086 0.833185 0.330069 0.0841127 
0.11181 0.500542 0.790614 0.317605 0.0269215 
0.0273009 0.468254 0.719787 0.368138 0.102252 
0.0139636 0.386439 0.770813 0.414162 0.0209643 
0.0112664 0.454442 0.765305 0.264219 0.0773387 
0.0395946 0.471879 0.87999 0.340675 0.0605344 
0.0881772 0.493678 0.755713 0.450179 0.0513546 
0.0286887 0.473692 0.725465 0.421166 0.107364 
0.143213 0.671206 0.185963 0.410528 0.0623716 
0.164654 0.645849 0.234094 0.533722 0.0787365 
0.182461 0.622852 0.160875 0.4604 0.0378917 
0.130537 0.711269 0.236062 0.390222 0.0273242 
0.224683 0.582653 0.241972 0.464956 0.0270149 
0.111268 0.615236 0.338436 0.448038 0.0420455 
0.102502 0.707639 0.29753 0.397844 0.0641463 
0.135549 0.709173 0.131438 0.458471 0.0287974 
0.167783 0.621 0.176055 0.371129 0.0167333 
0.0504636 0.62875 0.163303 0.444827 0.0407068 
0.959283 0.0299633 0.489546 0.899417 0.0125071 
0.913867 0.0992081 0.633793 0.998501 0.0123247 
0.934359 0.00198905 0.55804 0.895633 0.100661 
0.909115 0.0687608 0.537765 0.964565 0.122859 
0.994838 0.0176753 0.532645 0.941128 0.105934 
0.974377 0.00763769 0.505507 0.971399 0.10631 
0.919454 0.0177841 0.596613 0.959329 0.130904 
0.885813 0.00869024 0.507695 0.866106 0.00465668 
0.875745 0.101044 0.524478 0.875318 0.0563997 
0.884561 0.0536996 0.5123 0.886641 0.111488 
0.708631 0.64631 0.914166 0.697476 0.380176 
0.792306 0.696071 0.968146 0.696801 0.393757 
0.821484 0.656568 0.898658 0.616993 0.420053 
0.813183 0.661334 0.954475 0.664482 0.485454 
0.67536 0.660406 0.882021 0.686222 0.390043 
0.75384 0.707204 0.848053 0.670471 0.354476 
0.713594 0.585217 0.918447 0.624772 0.411554 
0.858682 0.673645 0.856384 0.647851 0.412145 
0.776699 0.734978 0.903658 0.714947 0.348188 
0.82483 0.668323 0.828023 0.632729 0.38156 
0.0945058 0.134634 0.851601 0.933595 0.889276 
0.0197209 0.0770666 0.853652 0.876062 0.930532 
0.0941363 0.0429309 0.812849 0.88968 0.945566 
0.129094 0.176423 0.79798 0.909535 0.93845 
0.115865 0.0529277 0.793076 0.883184 0.908315 
0.126064 0.0682238 0.835874 0.917451 0.965313 
0.0428224 0.102687 0.728542 0.882537 0.876685 
0.0592054 0.183798 0.806088 0.848247 0.88555 
0.024634 0.0755106 0.874952 0.918761 0.979576 
0.157533 0.101367 0.845982 0.906974 0.896756 
0.00819577 0.957558 0.00156951 0.455427 0.900631 
0.0524817 0.951674 0.0857836 0.451335 0.876315 
0.0230796 0.915253 0.0120482 0.538127 0.927559 
0.0356734 0.986499 0.0916504 0.436479 0.940566 
0.0875911 0.931961 0.0979108 0.503765 0.881834 
0.015471 0.991764 0.00262101 0.406067 0.904365 
0.00690655 0.993492 0.0428036 0.525581 0.998896 
0.0440548 0.989711 0.0302503 0.602869 0.830726 
0.0784133 0.957069 0.0727121 0.446836 0.967932 
0.108277 0.95417 0.0672092 0.567741 0.856023 
0.175342 0.417454 0.549373 0.389617 0.330678 
0.184767 0.355621 0.534526 0.400122 0.258482 
0.105063 0.442789 0.556524 0.325747 0.30623 
0.160535 0.413826 0.594683 0.287886 0.199477 
0.166853 0.435932 0.621648 0.421878 0.240408 
0.205752 0.369067 0.544371 0.273262 0.258037 
0.188056 0.505051 0.529008 0.414842 0.244343 
0.146791 0.404114 0.615778 0.376657 0.340075 
0.221666 0.396023 0.578216 0.281986 0.323128 
0.185121 0.34261 0.499895 0.345204 0.21547 
0.875239 0.948359 0.34651 0.172456 0.234493 
0.843822 0.919626 0.323234 0.248817 0.265983 
0.822091 0.957034 0.259544 0.232022 0.293562 
0.808596 0.974247 0.20061 0.178824 0.227099 
0.854664 0.997978 0.239869 0.25268 0.218245 
0.85759 0.891383 0.251167 0.0975262 0.198108 
0.866594 0.921909 0.194904 0.234193 0.239122 
0.825307 0.856801 0.231554 0.139993 0.245203 
0.771329 0.988436 0.244999 0.198754 0.285167 
0.899388 0.92769 0.193555 0.150671 0.176074 
0.838591 0.926404 0.099169 0.323942 0.176884 
0.788372 0.99551 0.0992404 0.346671 0.226982 
0.798547 0.926331 0.175447 0.289584 0.137212 
0.880955 0.99836 0.16345 0.383883 0.175426 
0.821747 0.957437 0.22446 0.298191 0.204676 
0.817533 0.966139 0.0813213 0.387541 0.126723 
0.870553 0.91658 0.215588 0.309442 0.160017 
0.754877 0.929446 0.0752254 0.279386 0.219859 
0.80832 0.893939 0.154789 0.250134 0.231901 
0.883615 0.967303 0.186109 0.229014 0.18546 
0.0848497 0.462161 0.316767 0.753364 0.662081 
0.166512 0.42348 0.301056 0.79682 0.631002 
0.109627 0.521458 0.368484 0.806398 0.700522 
0.0717419 0.435451 0.314586 0.83561 0.685568 
0.112992 0.477669 0.293194 0.838319 0.679798 
0.127433 0.437208 0.380803 0.883843 0.630264 
0.164638 0.349111 0.363425 0.765555 0.665425 
0.12654 0.393804 0.285647 0.833488 0.648351 
0.112569 0.417853 0.414632 0.835234 0.58434 
0.145821 0.499378 0.379901 0.826655 0.734009 
0.463524 0.583453 0.671003 0.670917 0.666829 
0.472313 0.610315 0.689143 0.6136 0.675062 
0.466551 0.588408 0.630236 0.619519 0.659944 
0.518382 0.59985 0.659357 0.666346 0.705875 
0.397536 0.55711 0.643874 0.68242 0.70187 
0.477043 0.521198 0.727207 0.589777 0.69069 
0.477258 0.554444 0.663554 0.609878 0.779904 
0.47366 0.485795 0.673397 0.679306 0.688748 
0.480795 0.625179 0.659658 0.572631 0.641781 
0.534593 0.553309 0.616279 0.637276 0.750576 
0.219629 0.766323 0.521906 0.656306 0.721935 
0.157538 0.787157 0.550045 0.621565 0.83374 
0.269828 0.787962 0.575236 0.697876 0.802889 
0.286558 0.849495 0.530049 0.646276 0.73076 
0.178419 0.752369 0.62144 0.619141 0.751833 
0.187144 0.883316 0.530151 0.651644 0.710808 
0.218012 0.84859 0.64762 0.62891 0.780176 
0.222961 0.776123 0.5 0.561823 0.847707 
0.252362 0.768191 0.571542 0.549142 0.738209 
0.267925 0.756888 0.640764 0.645883 0.773149 
0.573347 0.221319 0.134695 0.09462 0.494508 
0.597192 0.216564 0.138598 0.058546 0.495519 
0.484868 0.243936 0.145472 0.0711826 0.519043 
0.552923 0.279843 0.125339 0.0647324 0.549003 
0.521692 0.218228 0.199783 0.0789745 0.50179 
0.467662 0.195152 0.124432 0.0369791 0.488375 
0.585443 0.303721 0.0820615 0.0650936 0.500293 
0.592201 0.290233 0.0623541 0.0638564 0.512249 
0.555819 0.196392 0.043542 0.134169 0.443219 
0.655905 0.223703 0.134403 0.0442999 0.480939 
0.125408 0.526037 0.3044 0.998074 0.388096 
0.118938 0.417535 0.281248 0.942975 0.396443 
0.195605 0.42916 0.251304 0.978371 0.499049 
0.124896 0.575663 0.303094 0.996465 0.441332 
0.13794 0.46397 0.409227 0.982236 0.352361 
0.282857 0.472752 0.328271 0.915616 0.364154 
0.145858 0.489119 0.291708 0.901846 0.510828 
0.256811 0.517155 0.304498 0.971396 0.31495 
0.190052 0.515602 0.250466 0.981982 0.533452 
0.203646 0.482971 0.435028 0.99269 0.342633 
0.481817 0.660527 0.308204 0.456104 0.575791 
0.482818 0.609825 0.26208 0.404117 0.600687 
0.394321 0.711692 0.3077 0.406423 0.579278 
0.437302 0.72096 0.327259 0.410454 0.562248 
0.489397 0.606993 0.269148 0.436026 0.596395 
0.444865 0.758815 0.241683 0.414535 0.541791 
0.437013 0.772304 0.227409 0.424127 0.614858 
0.369407 0.684645 0.255495 0.397752 0.52327 
0.418106 0.659001 0.22776 0.484075 0.530641 
0.42742 0.673504 0.283497 0.305694 0.610513 
0.149799 0.397377 0.460089 0.181136 0.615016 
0.129774 0.341013 0.443637 0.149263 0.642693 
0.150447 0.381926 0.537125 0.10842 0.613599 
0.14797 0.361613 0.394105 0.138528 0.60364 
0.237754 0.412473 0.520909 0.170624 0.605812 
0.0933463 0.339904 0.479055 0.159593 0.637639 
0.217189 0.403493 0.534297 0.163257 0.539095 
0.102515 0.313293 0.517368 0.180068 0.562443 
0.242965 0.43756 0.490317 0.148767 0.585241 
0.199442 0.375008 0.427785 0.113085 0.665088 
0.34164 0.40087 0.374532 0.0739614 0.466676 
0.351677 0.392328 0.281131 0.105019 0.482453 
0.250626 0.313791 0.321373 0.0763302 0.529193 
0.30776 0.388783 0.408476 0.0575174 0.48739 
0.312099 0.383207 0.339264 0.140442 0.41672 
0.371318 0.367294 0.344354 0.0261425 0.507261 
0.306156 0.406049 0.34266 0.0351372 0.426844 
0.326644 0.395137 0.414014 0.0370339 0.520728 
0.385302 0.384992 0.279399 0.131055 0.532028 
0.21707 0.367643 0.281691 0.0977444 0.549566 
0.194499 0.109005 0.850427 0.0224031 0.348353 
0.24155 0.169402 0.802644 0.0368396 0.348572 
0.183044 0.206305 0.833297 0.103771 0.387591 
0.225177 0.110795 0.889875 0.0226329 0.294274 
0.132672 0.149213 0.854754 0.0312181 0.402947 
0.251678 0.17368 0.836627 0.153213 0.365888 
0.158575 0.0902922 0.918788 0.087501 0.384375 
0.178043 0.20226 0.929552 0.0064438 0.349634 
0.143462 0.116498 0.903527 0.113988 0.322888 
0.260488 0.117751 0.928497 0.0165026 0.312995 
0.911553 0.172969 0.227003 0.289461 0.512101 
0.948649 0.112297 0.294331 0.250133 0.453676 
0.872369 0.21656 0.28728 0.270894 0.461348 
0.912129 0.0959518 0.252236 0.326227 0.490957 
0.887595 0.172782 0.196849 0.298389 0.428992 
0.907169 0.245521 0.217219 0.254772 0.509606 
0.905219 0.245019 0.275267 0.312828 0.465159 
0.90506 0.139394 0.273157 0.207018 0.554026 
0.981536 0.0934748 0.235678 0.318146 0.482714 
0.975127 0.178099 0.155951 0.270656 0.499044 
0.72363 0.130902 0.682343 0.726985 0.460656 
0.764946 0.112089 0.599419 0.743617 0.423107 
0.797252 0.103425 0.598255 0.738803 0.460856 
0.76962 0.068664 0.705751 0.639257 0.40668 
0.792928 0.15093 0.69077 0.671431 0.46512 
0.791668 0.0139917 0.665162 0.642524 0.40952 
0.816396 0.0464956 0.656056 0.758976 0.49482 
0.731649 0.0303397 0.718096 0.677537 0.510976 
0.860176 0.113313 0.641016 0.703404 0.455924 
0.843989 0.0170281 0.670191 0.710997 0.424514 
0.04914 0.650435 0.372976 0.425279 0.358364 
0.0351574 0.515727 0.358012 0.485658 0.350637 
0.0108622 0.66215 0.398096 0.396337 0.298323 
0.00561707 0.644313 0.428878 0.378811 0.329014 
0.0719045 0.59834 0.470088 0.446994 0.264805 
0.0456804 0.614128 0.311815 0.491711 0.296383 
0.109181 0.563611 0.477216 0.445095 0.313622 
0.108347 0.617459 0.473063 0.415202 0.269647 
0.0238601 0.518179 0.273359 0.408013 0.358489 
0.0569445 0.661508 0.364285 0.361909 0.239935 
0.410349 0.102879 0.20374 0.23462 0.0741292 
0.298305 0.115317 0.257449 0.249575 0.0971467 
0.398396 0.0982349 0.268054 0.238496 0.0459785 
0.339942 0.136911 0.303989 0.25358 0.133861 
0.421249 0.0896902 0.206315 0.232874 0.130025 
0.397788 0.203074 0.259104 0.260527 0.088853 
0.348372 0.162829 0.1458 0.198257 0.115976 
0.321601 0.0748488 0.161249 0.175798 0.0890402 
0.321985 0.0981554 0.223768 0.272557 0.0248414 
0.387895 0.094942 0.309392 0.271335 0.0934415 
0.192139 0.583876 0.0663949 0.664289 0.341926 
0.12161 0.640726 0.0716069 0.593856 0.416858 
0.178973 0.541016 0.0401369 0.563479 0.379223 
0.185299 0.61131 0.0266247 0.628441 0.437147 
0.189498 0.53119 0.0465293 0.5355 0.329542 
0.0542768 0.542322 0.0513099 0.622943 0.354409 
0.109758 0.587837 0.158954 0.571149 0.369219 
0.195855 0.582386 0.13506 0.660637 0.32194 
0.240259 0.650745 0.0642556 0.610146 0.299765 
0.165636 0.522433 0.0971244 0.671118 0.377814 
0.92685 0.756006 0.135391 0.87746 0.245876 
0.87689 0.688942 0.144257 0.833194 0.232901 
0.897103 0.759684 0.0668365 0.841888 0.317822 
0.963809 0.676682 0.111773 0.874483 0.287912 
0.845662 0.666532 0.164845 0.824354 0.281123 
0.976951 0.666402 0.110194 0.837748 0.301959 
0.964435 0.778849 0.156224 0.821839 0.321207 
0.915814 0.752856 0.111993 0.764917 0.232899 
0.942807 0.747802 0.131917 0.850414 0.384258 
0.852707 0.770096 0.20452 0.828968 0.320981 
0.587619 0.230877 0.863506 0.769071 0.7986 
0.630494 0.292085 0.855055 0.821505 0.767084 
0.660342 0.302005 0.871989 0.840989 0.837709 
0.710584 0.215382 0.868236 0.835577 0.758251 
0.665649 0.3162 0.895531 0.851846 0.844907 
0.629022 0.216031 0.768495 0.811263 0.793082 
0.567879 0.227989 0.797138 0.760072 0.828977 
0.551328 0.283722 0.873847 0.862549 0.826218 
0.561022 0.289175 0.907747 0.805916 0.870068 
0.577903 0.220618 0.793591 0.854394 0.759361 
0.279094 0.873728 0.389844 0.189711 0.159107 
0.318882 0.907437 0.450293 0.276069 0.166314 
0.307851 0.878601 0.430863 0.27779 0.126689 
0.354806 0.815531 0.475509 0.254921 0.135195 
0.34249 0.822811 0.446003 0.216361 0.0914033 
0.374203 0.941462 0.417951 0.180645 0.131222 
0.296911 0.791886 0.447827 0.195332 0.157821 
0.320908 0.865295 0.356916 0.297533 0.180405 
0.300686 0.821204 0.388564 0.228589 0.246727 
0.353795 0.879355 0.401934 0.246899 0.0701499 
0.340252 0.282252 0.395904 0.540498 0.866066 
0.301002 0.205773 0.329254 0.56645 0.927993 
0.355669 0.293289 0.432241 0.592638 0.860084 
0.220677 0.177858 0.436677 0.574193 0.904115 
0.320893 0.301683 0.357767 0.541597 0.89514 
0.309212 0.213648 0.360857 0.49618 0.917133 
0.303089 0.210655 0.482711 0.574377 0.977145 
0.376063 0.244213 0.495642 0.58359 0.892632 
0.252454 0.142066 0.36078 0.57446 0.881523 
0.349889 0.252909 0.472071 0.561122 0.818299 
0.73048 0.112995 0.815513 0.74914 0.583847 
0.78731 0.102193 0.88106 0.775708 0.57775 
0.805389 0.134504 0.84917 0.802251 0.553275 
0.703307 0.106325 0.769898 0.721852 0.602619 
0.675363 0.112239 0.81571 0.722557 0.620126 
0.777364 0.0278715 0.839687 0.826545 0.561987 
0.820512 0.129571 0.839348 0.835217 0.55573 
0.719493 0.156785 0.813926 0.705195 0.643887 
0.693551 0.0583998 0.853303 0.825555 0.625426 
0.711719 0.0429084 0.823463 0.720527 0.519794 
0.944751 0.449863 0.367136 0.78154 0.17836 
0.84609 0.388378 0.423324 0.828305 0.171215 
0.95789 0.453854 0.404528 0.827145 0.192317 
0.902829 0.390502 0.316775 0.766689 0.102851 
0.913885 0.335047 0.319637 0.881408 0.18571 
0.895843 0.337632 0.328488 0.773299 0.178639 
0.991057 0.39338 0.339531 0.875093 0.176254 
0.932432 0.529091 0.349706 0.880318 0.183809 
0.768302 0.425267 0.351309 0.836459 0.128639 
0.84688 0.373222 0.267169 0.903962 0.188207 
0.0252179 0.653581 0.150696 0.879235 0.498697 
0.104295 0.698411 0.198044 0.852136 0.535529 
0.0325878 0.738824 0.132458 0.798108 0.458933 
0.0315388 0.767591 0.196487 0.784071 0.492613 
0.0608142 0.74652 0.0772886 0.863044 0.546035 
0.0425505 0.623446 0.227479 0.791432 0.506962 
0.0705128 0.698142 0.228234 0.883821 0.432446 
0.0534744 0.597852 0.141921 0.79055 0.484794 
0.0386079 0.715632 0.203205 0.749918 0.561358 
0.0793628 0.653852 0.244132 0.890513 0.461048 
0.183802 0.620143 0.657199 0.854571 0.795311 
0.232837 0.644437 0.693225 0.796131 0.792351 
0.176498 0.701967 0.71618 0.810855 0.694294 
0.150518 0.559103 0.673635 0.797291 0.710483 
0.183489 0.539897 0.702692 0.862199 0.758012 
0.160487 0.621691 0.584643 0.885812 0.726982 
0.118873 0.605063 0.753438 0.86686 0.698539 
0.167739 0.623568 0.712451 0.901995 0.82991 
0.236158 0.654482 0.742847 0.887139 0.683417 
0.152244 0.592483 0.676018 0.929121 0.686116 
0.371235 0.81534 0.188323 0.277466 0.946894 
0.362635 0.874104 0.225216 0.239657 0.973414 
0.352588 0.823564 0.176273 0.238247 0.887916 
0.375559 0.8233 0.265891 0.203363 0.983859 
0.329848 0.874149 0.310558 0.242855 0.949224 
0.350938 0.825423 0.322566 0.297288 0.961396 
0.300448 0.782406 0.274836 0.280428 0.878431 
0.284931 0.876341 0.244402 0.212092 0.917019 
0.370976 0.837347 0.146905 0.244592 0.94639 
0.415347 0.785176 0.250132 0.280883 0.888645 
0.507752 0.711004 0.0711053 0.439501 0.0475386 
0.576658 0.709648 0.0513271 0.527553 0.00147887 
0.651731 0.767189 0.00255891 0.433552 0.00188941 
0.513167 0.687077 0.101551 0.486724 0.0857799 
0.560651 0.707484 0.0461003 0.572709 0.0365142 
0.62088 0.618645 0.0261706 0.503199 0.0288682 
0.566565 0.783948 0.0271752 0.363498 0.0775581 
0.547471 0.75018 0.0360224 0.581295 0.0465374 
0.575603 0.651942 0.0872622 0.404888 0.100978 
0.610202 0.691957 0.0468483 0.343248 0.0620344 
0.917242 0.966397 0.710346 0.374263 0.662881 
0.920471 0.851276 0.688025 0.345655 0.6754 
0.963756 0.857265 0.766682 0.42993 0.617979 
0.946565 0.825007 0.707101 0.415043 0.601207 
0.943831 0.950116 0.663283 0.417395 0.641348 
0.923041 0.833347 0.786612 0.34508 0.580329 
0.928953 0.900677 0.684912 0.313987 0.712682 
0.837987 0.833859 0.72111 0.325232 0.630015 
0.866354 0.904391 0.793119 0.44421 0.611801 
0.869483 0.931063 0.6984 0.289234 0.564283 
0.633296 0.97637 0.105242 0.785953 0.746285 
0.682248 0.936089 0.180003 0.817336 0.73148 
0.66507 0.971369 0.0885465 0.750984 0.731109 
0.615742 0.996192 0.191744 0.80142 0.70366 
0.748735 0.943452 0.181076 0.829438 0.777803 
0.653857 0.933851 0.121311 0.730697 0.752771 
0.649116 0.993233 0.120006 0.713043 0.756034 
0.66639 0.915049 0.202103 0.770024 0.767335 
0.778146 0.997327 0.11995 0.809876 0.759837 
0.59748 0.897549 0.126785 0.823209 0.767432 
0.290533 0.124411 0.199722 0.0406903 0.6721 
0.287037 0.159681 0.286826 0.0578617 0.662835 
0.267125 0.128734 0.203129 0.0979387 0.600555 
0.245307 0.135617 0.215764 0.0272014 0.645761 
0.336115 0.145019 0.264573 0.10028 0.625043 
0.266827 0.104839 0.18722 0.132039 0.645711 
0.308586 0.163435 0.245304 0.0375981 0.596167 
0.340346 0.165038 0.264884 0.126307 0.617139 
0.280103 0.11335 0.171821 0.0326206 0.61579 
0.364802 0.131447 0.269476 0.0739933 0.627313 
0.357515 0.326985 0.86231 0.656049 0.332003 
0.307785 0.318898 0.843834 0.649475 0.343237 
0.34216 0.305096 0.85505 0.744625 0.304525 
0.372352 0.359158 0.913766 0.623144 0.308834 
0.29692 0.39385 0.840746 0.67829 0.390084 
0.366034 0.308656 0.773216 0.683437 0.354973 
0.319023 0.37571 0.855174 0.604225 0.297148 
0.328514 0.33658 0.84997 0.571526 0.352103 
0.350793 0.276854 0.86988 0.592001 0.388773 
0.29938 0.408569 0.885719 0.619756 0.321298 
0.74645 0.646135 0.167885 0.139853 0.405877 
0.749812 0.69986 0.213477 0.166878 0.377563 
0.718458 0.617361 0.221568 0.13448 0.363812 
0.643844 0.72308 0.182633 0.174158 0.416891 
0.660547 0.730017 0.182625 0.100527 0.451736 
0.672961 0.637536 0.138777 0.139949 0.3012 
0.652862 0.688643 0.179844 0.130853 0.291789 
0.675777 0.622355 0.145087 0.149701 0.477141 
0.645414 0.658945 0.250387 0.0722146 0.405312 
0.710831 0.789185 0.156034 0.142573 0.432966 
0.444311 0.847883 0.376302 0.525639 0.814627 
0.465138 0.905025 0.305123 0.471631 0.768507 
0.443741 0.891638 0.397098 0.532772 0.799031 
0.422351 0.85126 0.392312 0.472874 0.818826 
0.395897 0.860867 0.367255 0.482769 0.841606 
0.367189 0.890027 0.310647 0.582608 0.804124 
0.474494 0.937641 0.294234 0.457804 0.779992 
0.443199 0.911384 0.309083 0.517328 0.868832 
0.359302 0.828058 0.351889 0.480879 0.811153 
0.412561 0.880405 0.251497 0.593682 0.735477 
0.580955 0.493618 0.88256 0.221444 0.358088 
0.486265 0.423348 0.824985 0.253775 0.345478 
0.512264 0.536446 0.829429 0.16785 0.325876 
0.62618 0.425294 0.7998 0.187749 0.379754 
0.547788 0.437302 0.911944 0.183816 0.318262 
0.51573 0.37192 0.790734 0.166049 0.35071 
0.617705 0.497308 0.907853 0.166854 0.356782 
0.634382 0.511893 0.825512 0.13401 0.361444 
0.524827 0.429948 0.71204 0.16145 0.382585 
0.545209 0.422118 0.74764 0.256263 0.311032 
0.317121 0.705137 0.466935 0.429527 0.296904 
0.302198 0.688678 0.472527 0.402508 0.318063 
0.281527 0.732232 0.481302 0.408269 0.306153 
0.34904 0.702246 0.558576 0.385205 0.261637 
0.36713 0.782035 0.469332 0.429576 0.282853 
0.310244 0.730107 0.564213 0.405409 0.350074 
0.325386 0.623824 0.54468 0.400637 0.317668 
0.366707 0.635347 0.512194 0.321592 0.284353 
0.400997 0.726825 0.479767 0.491433 0.322153 
0.316242 0.734378 0.44096 0.491014 0.31912 
0.956293 0.308087 0.640959 0.471956 0.442019 
0.919943 0.306611 0.606896 0.479542 0.46179 
0.974362 0.325027 0.669146 0.442492 0.517206 
0.903903 0.281156 0.67249 0.46551 0.395012 
0.901432 0.24562 0.636305 0.424212 0.441417 
0.919361 0.244706 0.686928 0.520815 0.457438 
0.842738 0.307292 0.66211 0.426168 0.419073 
0.997497 0.329806 0.677889 0.410467 0.44962 
0.901619 0.317565 0.683871 0.493395 0.554327 
0.937584 0.316727 0.554576 0.485183 0.440243 
0.0775176 0.843753 0.312975 0.92011 0.777131 
0.0537979 0.827552 0.385999 0.932337 0.76037 
0.069327 0.841036 0.383269 0.919949 0.819783 
0.0741875 0.818068 0.292391 0.887448 0.768918 
0.0298784 0.86139 0.34467 0.868545 0.707906 
0.103309 0.886822 0.358643 0.875504 0.686548 
0.0950183 0.781057 0.305923 0.943427 0.780453 
0.0872578 0.758914 0.325316 0.909655 0.777274 
0.114447 0.867034 0.316986 0.832643 0.803222 
0.0382337 0.905828 0.363358 0.98125 0.738076 
0.420133 0.991244 0.53284 0.319545 0.355537 
0.463525 0.987655 0.472209 0.286852 0.394942 
0.489008 0.981075 0.471896 0.313162 0.371239 
0.483214 0.931773 0.508684 0.31023 0.470768 
0.513628 0.873728 0.505364 0.28879 0.389837 
0.513107 0.98524 0.541077 0.270773 0.367779 
0.391562 0.891737 0.525061 0.34509 0.473546 
0.404787 0.929258 0.454117 0.257726 0.321381 
0.459498 0.893949 0.414516 0.31147 0.403109 
0.44353 0.979643 0.502755 0.380364 0.466264 
0.561547 0.177655 0.078375 0.241353 0.872943 
0.607866 0.107959 0.0114631 0.254419 0.884381 
0.59695 0.0873939 0.0177491 0.255191 0.849613 
0.56794 0.211465 0.0924152 0.203864 0.962512 
0.616372 0.192463 0.10203 0.231757 0.962714 
0.562088 0.133378 0.123292 0.147124 0.836163 
0.509523 0.153007 0.172549 0.206383 0.853205 
0.530895 0.111094 0.0468967 0.146865 0.86078 
0.565731 0.22708 0.0572853 0.232037 0.969979 
0.640848 0.161599 0.118773 0.300413 0.799645 
0.314632 0.315466 0.799599 0.313949 0.833851 
0.291269 0.227152 0.800555 0.209153 0.808564 
0.326687 0.221205 0.842348 0.249246 0.864296 
0.232389 0.251282 0.81769 0.23839 0.778258 
0.243757 0.319281 0.821524 0.304943 0.805325 
0.302347 0.20269 0.758852 0.325697 0.815574 
0.280821 0.233118 0.810557 0.196741 0.869001 
0.317989 0.207655 0.838777 0.352553 0.807985 
0.323698 0.313762 0.858067 0.337669 0.836831 
0.313974 0.161232 0.817065 0.303144 0.8323 
